100
53 229 id0 0 true
105 133 id1 1 true
389 8 id2 2 true
367 132 id3 3 true
352 19 id4 4 true
134 339 id5 5 true
280 239 id6 6 true
96 19 id7 7 true
208 39 id8 8 true
88 367 id9 9 true
280 328 id10 10 true
361 44 id11 11 true
28 252 id12 12 true
353 86 id13 13 true
56 263 id14 14 true
130 379 id15 15 true
227 258 id16 16 true
238 36 id17 17 true
284 145 id18 18 true
90 86 id19 19 true
283 177 id20 20 true
60 113 id21 21 true
190 184 id22 22 true
212 92 id23 23 true
384 375 id24 24 true
140 241 id25 25 true
81 41 id26 26 true
286 21 id27 27 true
11 395 id28 28 true
370 113 id29 29 true
295 162 id30 30 true
175 251 id31 31 true
312 360 id32 32 true
152 10 id33 33 true
49 204 id34 34 true
205 216 id35 35 true
41 231 id36 36 true
184 386 id37 37 true
218 178 id38 38 true
238 120 id39 39 true
100 374 id40 40 true
67 12 id41 41 true
142 42 id42 42 true
47 93 id43 43 true
258 218 id44 44 true
239 189 id45 45 true
264 346 id46 46 true
139 150 id47 47 true
95 277 id48 48 true
390 203 id49 49 true
121 258 id50 50 true
246 372 id51 51 true
328 88 id52 52 true
268 133 id53 53 true
78 197 id54 54 true
32 89 id55 55 true
391 357 id56 56 true
37 7 id57 57 true
127 379 id58 58 true
230 83 id59 59 true
205 72 id60 60 true
286 395 id61 61 true
358 310 id62 62 true
160 365 id63 63 true
216 254 id64 64 true
257 33 id65 65 true
194 340 id66 66 true
52 176 id67 67 true
247 114 id68 68 true
193 183 id69 69 true
24 99 id70 70 true
299 154 id71 71 true
219 299 id72 72 true
169 317 id73 73 true
114 335 id74 74 true
293 305 id75 75 true
319 380 id76 76 true
304 218 id77 77 true
228 372 id78 78 true
361 337 id79 79 true
242 262 id80 80 true
126 102 id81 81 true
246 318 id82 82 true
32 194 id83 83 true
95 89 id84 84 true
186 52 id85 85 true
208 30 id86 86 true
384 330 id87 87 true
397 102 id88 88 true
290 152 id89 89 true
269 164 id90 90 true
288 189 id91 91 true
351 39 id92 92 true
33 30 id93 93 true
393 335 id94 94 true
82 204 id95 95 true
33 127 id96 96 true
237 195 id97 97 true
79 290 id98 98 true
331 395 id99 99 true
100
0 65 62 16 41 44 47 61 36 62 8 97 91 3 85 76 92 8 19 42 77 81 95 65 78 14 34 70 99 91 55 93 2 39 87 50 2 55 3 81 68 40 68 52 43 86 80 35 39 35 74 78 77 10 58 57 69 68 22 3 25 6 40 55 39 50 74 85 57 39 40 20 42 25 64 23 80 45 59 68 62 52 92 81 49 41 42 89 47 96 32 44 31 70 34 94 82 16 83 45 
65 0 86 35 71 24 19 7 66 94 51 89 49 33 43 28 82 81 12 3 33 50 42 50 12 76 35 68 72 43 2 18 99 96 70 89 94 66 45 41 26 63 66 9 79 72 63 2 33 16 54 5 32 75 69 55 28 82 4 19 41 89 6 90 88 61 32 39 8 43 32 1 38 65 59 70 2 42 49 20 86 46 80 64 97 6 58 68 15 46 7 59 4 65 33 55 14 27 76 79 
62 86 0 34 0 58 29 9 23 7 54 53 82 57 63 10 50 10 15 3 83 16 72 56 58 34 42 61 60 99 79 63 31 55 80 91 38 97 37 43 91 62 61 37 90 38 14 11 53 62 31 46 75 83 78 4 73 96 68 21 90 51 83 81 71 25 78 0 17 74 66 42 55 28 80 16 13 7 60 41 13 24 78 98 21 66 22 82 39 91 46 70 90 6 8 90 53 88 56 58 
16 35 34 0 91 32 34 4 82 7 37 50 10 89 64 46 63 77 50 48 60 13 61 6 84 87 44 65 22 9 10 7 44 97 22 65 53 69 19 19 69 70 47 80 43 88 42 54 33 33 78 7 17 94 65 75 42 39 91 0 58 39 63 61 8 66 14 75 56 1 66 75 82 89 87 30 26 97 68 48 27 63 10 69 7 99 8 60 11 54 67 16 64 9 5 23 87 23 75 29 
41 71 0 91 0 67 68 36 55 25 13 61 46 21 90 29 2 30 49 63 61 80 45 80 27 58 26 29 71 63 43 16 59 6 85 33 51 75 53 0 95 85 11 57 23 88 54 54 64 4 29 84 27 20 96 21 81 98 47 53 1 60 54 72 83 3 38 13 68 92 50 62 45 32 51 96 70 33 66 11 62 92 7 96 95 23 46 71 39 2 59 79 56 85 39 51 89 53 29 83 
44 24 58 32 67 0 86 0 12 17 18 22 80 81 83 9 6 13 1 84 90 48 43 64 1 71 26 53 16 59 12 5 75 33 26 7 35 35 72 73 13 39 3 84 64 33 83 4 59 90 91 0 12 55 48 55 70 99 11 81 1 34 28 13 49 70 12 47 85 69 15 0 60 82 46 12 85 29 37 74 89 66 16 56 46 46 80 51 12 98 31 26 20 44 22 24 54 18 42 87 
47 19 29 34 68 86 0 46 66 81 83 88 94 48 96 97 80 25 13 24 25 9 85 29 25 70 64 16 13 80 59 93 38 72 44 99 85 6 13 65 78 95 45 4 57 64 61 6 52 87 22 87 3 3 74 68 62 7 29 63 9 7 38 40 95 5 49 27 55 43 47 96 3 69 17 98 52 64 54 65 63 69 55 91 71 66 98 51 27 0 90 78 60 15 19 83 26 25 44 79 
61 7 9 4 36 0 46 0 0 18 89 5 83 45 31 13 86 85 30 27 92 57 78 34 78 35 23 1 12 67 39 29 53 35 31 65 9 91 75 20 41 84 69 43 30 25 31 66 6 50 10 29 63 60 18 69 27 78 57 19 45 53 13 70 6 48 6 30 17 72 2 97 5 96 25 74 13 93 57 64 27 61 12 56 8 70 59 72 91 58 73 7 41 49 65 88 24 53 37 1 
36 66 23 82 55 12 66 0 0 52 13 46 96 39 3 52 9 39 2 27 96 96 5 18 40 0 98 4 97 12 12 94 2 5 55 1 34 45 13 47 89 47 89 45 55 48 86 44 47 61 15 78 10 7 5 90 55 91 83 33 2 63 34 90 56 59 64 15 96 70 45 77 36 54 34 84 16 49 74 56 98 45 92 10 76 27 18 22 74 12 38 70 44 94 36 52 89 77 73 31 
62 94 7 7 25 17 81 18 52 0 26 8 43 34 29 15 0 88 59 76 44 48 41 36 70 69 70 17 48 36 89 51 82 10 42 92 61 52 36 95 94 63 49 17 2 96 67 40 46 63 68 20 30 13 71 13 56 28 77 32 12 73 30 57 62 29 2 10 15 40 13 41 42 35 91 46 23 7 46 15 1 14 8 86 1 40 12 3 73 14 2 65 49 93 39 48 17 96 85 83 
8 51 54 37 13 18 83 89 13 26 0 47 35 56 36 42 99 32 49 66 17 73 91 32 98 53 3 98 42 64 87 70 98 78 28 45 36 72 64 7 7 16 81 18 82 35 99 75 11 65 24 18 5 71 9 25 95 75 71 17 47 64 20 50 68 40 86 0 94 44 6 52 1 30 62 52 96 56 1 27 40 36 61 83 89 4 31 84 85 16 90 14 98 25 4 31 83 93 3 81 
97 89 53 50 61 22 88 5 46 8 47 0 15 63 6 78 82 92 57 9 1 39 11 69 23 27 65 75 67 60 98 62 93 81 93 21 68 99 78 61 40 8 80 54 94 10 70 57 58 4 59 11 37 60 34 89 7 18 65 65 74 52 67 95 28 91 13 26 95 23 15 13 22 85 21 80 51 85 94 67 96 53 6 44 64 96 45 51 46 80 19 51 5 48 55 45 16 96 54 44 
91 49 82 10 46 80 94 83 96 43 35 15 0 22 84 44 81 97 0 0 59 31 51 31 22 92 12 26 94 59 26 45 60 41 77 71 21 94 13 80 19 61 71 59 40 73 35 60 46 76 6 24 93 22 36 21 76 23 59 18 21 58 24 82 40 67 5 8 13 70 55 73 88 3 88 22 45 12 20 51 20 37 89 5 14 12 82 75 13 61 29 77 82 67 44 78 18 65 67 92 
3 33 57 89 21 81 48 45 39 34 56 63 22 0 58 2 89 68 45 28 52 75 52 86 81 70 61 59 99 88 50 2 8 65 71 81 57 63 21 39 83 12 1 26 6 17 22 45 78 7 7 77 36 65 52 97 66 59 84 69 90 67 45 14 54 36 79 47 35 94 64 25 81 16 97 61 34 23 19 33 52 63 77 8 62 82 55 81 54 55 65 30 26 32 47 5 79 15 27 2 
85 43 63 64 90 83 96 31 3 29 36 6 84 58 0 3 9 0 22 56 50 95 77 12 14 7 82 15 26 21 7 85 92 41 1 38 56 85 84 29 10 44 14 46 19 70 21 49 17 60 90 8 70 99 93 55 70 80 87 31 69 68 97 29 49 77 26 49 7 98 17 84 94 89 73 61 18 6 95 56 82 41 73 76 81 85 77 49 23 2 4 28 70 19 97 80 36 75 34 80 
76 28 10 46 29 9 97 13 52 15 42 78 44 2 3 0 71 67 1 80 16 79 45 93 9 25 13 84 92 37 9 82 38 71 63 48 11 36 1 23 39 34 83 38 0 93 71 90 51 17 77 43 25 84 89 42 74 84 67 1 66 24 80 3 65 60 20 34 89 39 94 72 18 92 28 17 18 54 85 10 13 11 15 61 65 75 48 83 2 75 37 15 66 14 19 34 83 99 11 61 
92 82 50 63 2 6 80 86 9 0 99 82 81 89 9 71 0 48 1 91 25 93 18 17 51 56 39 22 15 63 96 2 76 3 83 82 18 94 96 69 25 33 49 87 15 35 47 51 99 52 83 86 96 68 51 92 67 48 59 27 40 28 67 49 48 12 93 24 83 52 21 96 55 74 84 75 78 22 58 75 3 7 48 72 60 92 32 75 96 0 0 67 5 44 17 83 74 21 39 85 
8 81 10 77 30 13 25 85 39 88 32 92 97 68 0 67 48 0 53 17 57 23 83 61 11 55 25 63 18 72 97 97 6 77 18 49 83 38 66 54 69 35 69 40 61 32 99 53 7 14 32 99 22 4 74 16 18 76 44 94 10 49 83 33 76 42 30 80 96 51 95 48 29 96 55 61 93 66 55 47 48 14 92 32 40 36 18 72 37 26 80 71 89 15 59 67 57 21 18 1 
19 12 15 50 49 1 13 30 2 59 49 57 0 45 22 1 1 53 0 85 48 46 92 39 96 57 93 28 29 58 91 9 53 85 83 63 22 70 56 39 2 24 57 4 19 77 32 0 20 1 15 86 36 98 91 15 26 72 24 45 45 88 44 27 50 45 48 64 41 29 12 25 74 95 18 53 62 61 24 27 33 69 7 99 46 71 5 50 20 63 41 37 56 71 42 16 16 57 17 70 
42 3 3 48 63 84 24 27 27 76 66 9 0 28 56 80 91 17 85 0 5 84 74 71 81 17 21 68 25 16 25 82 89 78 64 59 44 5 35 0 29 8 71 90 83 62 78 51 89 84 18 70 3 13 84 59 29 60 7 84 39 63 97 62 68 57 27 1 89 32 58 88 56 23 27 65 65 5 52 77 70 29 38 19 32 0 17 43 38 75 43 26 0 37 59 63 14 51 41 92 
77 33 83 60 61 90 25 92 96 44 17 1 59 52 50 16 25 57 48 5 0 82 45 83 27 84 39 49 85 58 82 10 61 81 7 83 38 83 70 62 56 36 46 25 5 0 59 55 35 35 38 10 24 63 92 2 59 23 99 91 67 28 75 16 72 42 51 83 60 66 70 53 29 36 84 1 18 18 60 31 31 27 95 69 74 48 28 45 93 61 32 13 98 48 52 55 86 51 77 47 
81 50 16 13 80 48 9 57 96 48 73 39 31 75 95 79 93 23 46 84 82 0 7 22 35 14 97 3 40 33 66 16 22 54 82 94 88 26 68 45 86 89 49 99 55 56 8 86 93 17 64 15 67 91 29 82 23 14 57 15 62 33 61 44 65 50 47 27 60 15 37 79 7 94 29 31 53 48 80 30 56 70 75 85 20 40 66 47 27 68 2 69 44 12 24 62 54 21 88 81 
95 42 72 61 45 43 85 78 5 41 91 11 51 52 77 45 18 83 92 74 45 7 0 92 41 43 23 18 19 80 85 22 62 76 72 41 38 76 63 1 54 80 7 38 34 69 78 94 39 53 0 48 85 71 86 14 47 22 86 12 38 47 12 30 52 95 65 31 16 75 52 16 92 35 43 94 21 22 6 33 68 12 76 66 36 23 96 48 63 71 41 96 11 61 22 86 83 14 91 26 
65 50 56 6 80 64 29 34 18 36 32 69 31 86 12 93 17 61 39 71 83 22 92 0 88 70 59 44 27 69 11 47 69 56 51 69 95 30 64 87 64 71 12 10 59 82 94 83 58 95 98 51 56 90 33 67 27 67 29 61 93 65 50 8 10 91 53 56 37 19 35 50 40 83 53 67 14 12 18 56 94 19 65 85 40 17 93 73 11 11 70 97 27 97 1 35 50 35 74 68 
78 12 58 84 27 1 25 78 40 70 98 23 22 81 14 9 51 11 96 81 27 35 41 88 0 17 93 79 74 55 25 90 47 94 35 21 5 93 58 74 72 99 11 43 36 93 31 44 48 29 82 3 71 50 38 10 53 91 66 91 87 53 30 39 68 61 99 38 59 1 42 52 6 73 72 95 41 2 5 50 13 76 40 65 20 74 65 82 8 16 6 78 36 36 42 22 69 81 76 70 
14 76 34 87 58 71 70 35 0 69 53 27 92 70 7 25 56 55 57 17 84 14 43 70 17 0 99 95 57 16 93 14 93 47 45 13 52 48 62 89 76 3 52 51 38 18 67 92 9 76 15 99 48 31 2 98 95 64 18 6 17 2 21 64 84 91 6 28 78 27 56 1 73 22 52 99 91 84 15 2 38 73 8 32 38 10 49 73 28 13 39 52 25 28 5 87 6 96 80 25 
34 35 42 44 26 26 64 23 98 70 3 65 12 61 82 13 39 25 93 21 39 97 23 59 93 99 0 30 75 2 40 49 6 10 68 0 43 92 25 91 4 17 11 71 15 83 65 26 35 56 54 84 75 62 68 38 82 70 97 89 53 52 3 0 88 10 84 96 64 89 72 8 22 5 91 81 90 98 34 67 22 13 43 59 37 5 97 83 93 99 48 91 46 73 76 95 80 93 0 45 
70 68 61 65 29 53 16 1 4 17 98 75 26 59 15 84 22 63 28 68 49 3 18 44 79 95 30 0 98 61 51 6 22 15 87 66 26 99 27 24 0 46 42 90 15 74 81 90 3 29 52 11 65 71 91 64 69 20 80 28 36 20 27 67 43 99 77 6 15 64 92 21 6 44 91 36 1 52 27 42 31 71 36 83 41 65 72 80 61 26 77 57 27 26 49 59 62 74 6 94 
99 72 60 22 71 16 13 12 97 48 42 67 94 99 26 92 15 18 29 25 85 40 19 27 74 57 75 98 0 44 4 21 57 58 94 12 34 35 76 4 26 3 51 51 68 29 41 23 28 60 3 14 82 26 89 67 79 19 54 79 47 97 80 71 1 22 34 29 50 71 2 45 36 31 89 97 39 70 53 6 1 93 16 52 23 72 78 92 67 84 40 99 37 39 57 90 76 3 53 51 
91 43 99 9 63 59 80 67 12 36 64 60 59 88 21 37 63 72 58 16 58 33 80 69 55 16 2 61 44 0 25 39 43 67 68 8 43 64 11 29 96 59 72 90 70 87 92 37 93 58 74 37 91 33 89 24 3 41 43 25 63 84 58 63 5 46 57 29 56 51 48 98 34 78 23 12 56 45 16 44 16 8 52 21 47 45 66 57 2 66 44 55 96 64 66 55 97 90 18 86 
55 2 79 10 43 12 59 39 12 89 87 98 26 50 7 9 96 97 91 25 82 66 85 11 25 93 40 51 4 25 0 5 41 16 71 80 58 1 80 16 2 55 67 54 95 19 9 83 19 56 76 12 56 17 26 62 47 44 13 61 39 65 11 83 63 63 22 2 74 11 53 53 54 75 7 55 0 1 77 23 64 20 28 7 5 94 44 14 26 12 21 28 98 46 91 28 43 75 41 49 
93 18 63 7 16 5 93 29 94 51 70 62 45 2 85 82 2 97 9 82 10 16 22 47 90 14 49 6 21 39 5 0 48 96 50 23 28 60 84 97 66 18 96 19 75 73 30 13 93 5 45 3 14 54 63 19 3 98 39 90 75 17 57 14 89 8 33 81 30 37 77 27 74 16 62 76 82 46 33 44 96 11 98 6 51 76 51 29 33 83 28 71 25 39 13 8 34 33 39 27 
2 99 31 44 59 75 38 53 2 82 98 93 60 8 92 38 76 6 53 89 61 22 62 69 47 93 6 22 57 43 41 48 0 41 39 38 42 35 19 97 3 74 8 43 72 70 16 19 71 17 9 7 85 62 3 35 29 34 91 26 78 77 50 8 76 64 78 61 91 54 36 77 38 86 0 81 99 51 23 33 79 32 97 40 55 82 72 41 63 28 80 88 88 16 22 34 74 69 20 1 
39 96 55 97 6 33 72 35 5 10 78 81 41 65 41 71 3 77 85 78 81 54 76 56 94 47 10 15 58 67 16 96 41 0 58 93 64 77 76 45 62 82 23 64 59 19 90 86 53 24 48 93 38 6 83 37 54 57 95 27 1 31 67 66 7 42 33 59 27 16 32 31 53 14 4 91 60 66 46 46 68 24 71 44 73 29 3 36 58 12 3 4 15 87 57 51 80 39 35 57 
87 70 80 22 85 26 44 31 55 42 28 93 77 71 1 63 83 18 83 64 7 82 72 51 35 45 68 87 94 68 71 50 39 58 0 37 74 69 80 32 78 80 98 46 59 68 74 40 36 81 36 35 23 28 80 15 17 81 9 24 30 34 80 45 93 96 5 93 7 78 57 64 99 65 91 95 0 87 80 21 48 52 89 15 84 14 26 5 8 83 84 35 58 58 54 77 58 76 25 36 
50 89 91 65 33 7 99 65 1 92 45 21 71 81 38 48 82 49 63 59 83 94 41 69 21 13 0 66 12 8 80 23 38 93 37 0 17 31 88 64 58 71 63 22 51 21 42 95 5 12 61 9 49 62 94 66 14 14 19 60 70 43 92 71 17 70 69 38 83 39 84 62 71 61 39 3 67 3 13 96 82 21 61 49 89 64 88 85 38 47 84 69 60 49 74 77 36 94 82 78 
2 94 38 53 51 35 85 9 34 61 36 68 21 57 56 11 18 83 22 44 38 88 38 95 5 52 43 26 34 43 58 28 42 64 74 17 0 72 0 35 92 39 21 29 2 65 6 45 16 72 23 80 5 29 38 58 59 76 0 1 83 57 76 72 54 20 57 2 22 12 50 19 81 64 69 13 7 45 24 58 45 8 71 85 32 43 40 63 58 40 81 96 12 72 9 41 36 49 94 64 
55 66 97 69 75 35 6 91 45 52 72 99 94 63 85 36 94 38 70 5 83 26 76 30 93 48 92 99 35 64 1 60 35 77 69 31 72 0 51 57 54 35 43 5 38 34 87 14 65 82 89 59 24 49 6 27 46 63 84 10 68 29 99 20 54 94 49 64 79 78 30 99 90 98 93 51 29 76 80 12 50 44 15 44 37 31 37 87 0 93 32 57 95 67 21 68 24 0 32 8 
3 45 37 19 53 72 13 75 13 36 64 78 13 21 84 1 96 66 56 35 70 68 63 64 58 62 25 27 76 11 80 84 19 76 80 88 0 51 0 20 86 4 83 61 18 43 45 66 2 89 57 6 75 62 37 78 10 89 27 96 18 79 9 13 88 39 24 92 31 46 8 60 33 56 72 48 28 73 87 24 94 79 11 21 40 72 14 56 81 59 0 70 99 5 91 4 95 35 16 20 
81 41 43 19 0 73 65 20 47 95 7 61 80 39 29 23 69 54 39 0 62 45 1 87 74 89 91 24 4 29 16 97 97 45 32 64 35 57 20 0 39 8 64 84 83 23 85 62 98 31 79 70 58 57 50 5 55 47 92 1 93 71 90 79 26 13 3 69 78 81 69 91 14 2 7 96 87 25 14 70 45 84 95 12 11 68 1 80 41 9 59 61 99 44 44 56 32 34 94 4 
68 26 91 69 95 13 78 41 89 94 7 40 19 83 10 39 25 69 2 29 56 86 54 64 72 76 4 0 26 96 2 66 3 62 78 58 92 54 86 39 0 33 86 98 47 56 38 44 21 94 56 51 48 99 34 28 51 80 72 13 13 49 16 10 31 83 1 57 44 41 64 76 45 70 31 8 49 48 73 26 28 52 74 6 17 50 41 96 9 34 52 61 35 92 28 21 10 27 82 65 
40 63 62 70 85 39 95 84 47 63 16 8 61 12 44 34 33 35 24 8 36 89 80 71 99 3 17 46 3 59 55 18 74 82 80 71 39 35 4 8 33 0 28 48 58 29 59 51 23 32 77 25 3 17 65 64 74 61 64 78 84 0 6 1 94 10 78 89 73 48 11 61 87 90 0 30 7 2 54 22 82 42 30 30 73 67 97 44 42 13 74 64 50 98 64 7 94 24 49 7 
68 66 61 47 11 3 45 69 89 49 81 80 71 1 14 83 49 69 57 71 46 49 7 12 11 52 11 42 51 72 67 96 8 23 98 63 21 43 83 64 86 28 0 12 22 17 34 10 74 16 84 41 94 2 47 7 98 63 12 80 70 53 99 35 23 15 16 13 15 28 70 21 91 14 14 68 87 95 52 34 22 60 42 75 0 28 96 60 69 76 3 75 78 91 37 78 80 67 88 98 
52 9 37 80 57 84 4 43 45 17 18 54 59 26 46 38 87 40 4 90 25 99 38 10 43 51 71 90 51 90 54 19 43 64 46 22 29 5 61 84 98 48 12 0 61 99 22 83 25 25 41 54 8 26 35 85 85 38 84 53 3 58 9 15 14 85 63 20 81 76 38 98 43 61 8 91 10 58 76 91 37 25 57 33 30 71 20 0 63 57 89 80 8 25 40 86 32 4 78 32 
43 79 90 43 23 64 57 30 55 2 82 94 40 6 19 0 15 61 19 83 5 55 34 59 36 38 15 15 68 70 95 75 72 59 59 51 2 38 18 83 47 58 22 61 0 88 85 41 79 31 72 65 78 29 62 76 71 75 37 92 55 71 93 37 42 25 68 23 59 52 80 18 83 99 83 45 2 36 81 90 66 8 9 92 1 64 35 44 32 53 24 82 74 7 40 83 72 69 39 90 
86 72 38 88 88 33 64 25 48 96 35 10 73 17 70 93 35 32 77 62 0 56 69 82 93 18 83 74 29 87 19 73 70 19 68 21 65 34 43 23 56 29 17 99 88 0 3 83 72 57 0 33 99 50 19 26 12 63 58 58 90 19 43 72 7 60 85 88 10 43 1 68 52 34 51 83 44 17 54 92 67 78 22 44 75 56 38 55 95 82 41 90 44 98 74 20 8 37 12 62 
80 63 14 42 54 83 61 31 86 67 99 70 35 22 21 71 47 99 32 78 59 8 78 94 31 67 65 81 41 92 9 30 16 90 74 42 6 87 45 85 38 59 34 22 85 3 0 13 6 22 88 95 11 3 26 5 67 36 81 39 50 17 32 57 47 65 50 49 88 70 57 92 38 24 44 4 80 50 9 39 50 18 5 89 69 86 41 29 95 98 59 3 93 41 42 80 0 41 44 79 
35 2 11 54 54 4 6 66 44 40 75 57 60 45 49 90 51 53 0 51 55 86 94 83 44 92 26 90 23 37 83 13 19 86 40 95 45 14 66 62 44 51 10 83 41 83 13 0 27 83 29 99 92 40 75 17 5 96 60 89 5 52 45 72 77 54 51 16 97 38 56 31 10 24 41 5 43 26 67 60 46 70 64 34 0 28 30 44 3 82 0 99 98 22 66 19 25 82 6 70 
39 33 53 33 64 59 52 6 47 46 11 58 46 78 17 51 99 7 20 89 35 93 39 58 48 9 35 3 28 93 19 93 71 53 36 5 16 65 2 98 21 23 74 25 79 72 6 27 0 35 43 49 95 28 31 65 17 41 81 87 37 5 9 35 66 57 22 13 48 40 82 52 90 51 19 21 24 41 23 10 9 40 83 76 57 87 94 16 40 69 43 11 92 52 34 35 15 31 78 42 
35 16 62 33 4 90 87 50 61 63 65 4 76 7 60 17 52 14 1 84 35 17 53 95 29 76 56 29 60 58 56 5 17 24 81 12 72 82 89 31 94 32 16 25 31 57 22 83 35 0 55 79 70 65 87 18 50 15 20 92 25 85 48 8 84 85 54 68 74 58 47 95 58 71 27 63 80 5 65 88 69 80 95 86 41 71 47 76 77 83 55 18 48 6 43 68 86 35 35 34 
74 54 31 78 29 91 22 10 15 68 24 59 6 7 90 77 83 32 15 18 38 64 0 98 82 15 54 52 3 74 76 45 9 48 36 61 23 89 57 79 56 77 84 41 72 0 88 29 43 55 0 51 93 36 94 6 80 28 65 69 49 94 87 40 4 72 2 14 49 83 12 84 1 56 97 8 58 86 61 35 56 93 48 80 33 1 63 4 58 71 90 18 37 41 82 34 31 50 33 42 
78 5 46 7 84 0 87 29 78 20 18 11 24 77 8 43 86 99 86 70 10 15 48 51 3 99 84 11 14 37 12 3 7 93 35 9 80 59 6 70 51 25 41 54 65 33 95 99 49 79 51 0 84 58 97 80 0 97 24 0 59 41 98 23 28 53 44 67 3 41 82 62 80 84 11 56 65 11 45 19 75 3 12 33 98 50 82 23 82 24 78 40 32 6 72 3 81 20 70 34 
77 32 75 17 27 12 3 63 10 30 5 37 93 36 70 25 96 22 36 3 24 67 85 56 71 48 75 65 82 91 56 14 85 38 23 49 5 24 75 58 48 3 94 8 78 99 11 92 95 70 93 84 0 19 29 12 80 64 11 76 28 41 70 51 30 56 98 18 68 69 51 25 55 53 53 60 15 59 31 59 70 78 88 48 85 60 7 67 46 35 51 63 41 46 81 64 83 16 0 77 
10 75 83 94 20 55 3 60 7 13 71 60 22 65 99 84 68 4 98 13 63 91 71 90 50 31 62 71 26 33 17 54 62 6 28 62 29 49 62 57 99 17 2 26 29 50 3 40 28 65 36 58 19 0 33 84 26 45 22 79 62 55 35 95 74 64 38 17 62 68 95 32 13 13 88 94 25 35 32 17 74 34 31 13 24 38 73 83 75 81 59 60 62 66 17 63 36 74 92 50 
58 69 78 65 96 48 74 18 5 71 9 34 36 52 93 89 51 74 91 84 92 29 86 33 38 2 68 91 89 89 26 63 3 83 80 94 38 6 37 50 34 65 47 35 62 19 26 75 31 87 94 97 29 33 0 89 95 74 46 72 5 37 76 82 85 1 87 91 22 64 34 83 70 8 68 37 80 55 49 93 18 96 7 62 45 83 45 75 6 56 99 83 30 25 47 63 15 11 65 80 
57 55 4 75 21 55 68 69 90 13 25 89 21 97 55 42 92 16 15 59 2 82 14 67 10 98 38 64 67 24 62 19 35 37 15 66 58 27 78 5 28 64 7 85 76 26 5 17 65 18 6 80 12 84 89 0 96 64 78 48 88 22 2 33 63 5 36 55 58 81 55 43 92 9 23 87 31 48 57 42 38 57 21 16 17 18 92 8 13 27 21 56 46 25 36 24 29 90 85 62 
69 28 73 42 81 70 62 27 55 56 95 7 76 66 70 74 67 18 26 29 59 23 47 27 53 95 82 69 79 3 47 3 29 54 17 14 59 46 10 55 51 74 98 85 71 12 67 5 17 50 80 0 80 26 95 96 0 96 14 91 80 88 48 21 45 95 80 60 91 94 79 77 2 47 37 82 48 5 11 94 72 94 56 90 16 29 84 9 85 90 31 57 71 16 26 73 42 35 11 81 
68 82 96 39 98 99 7 78 91 28 75 18 23 59 80 84 48 76 72 60 23 14 22 67 91 64 70 20 19 41 44 98 34 57 81 14 76 63 89 47 80 61 63 38 75 63 36 96 41 15 28 97 64 45 74 64 96 0 9 82 77 97 12 5 93 10 95 18 83 91 61 1 74 22 25 43 20 60 36 64 93 41 24 29 51 58 72 67 19 65 57 1 15 94 90 86 72 28 25 86 
22 4 68 91 47 11 29 57 83 77 71 65 59 84 87 67 59 44 24 7 99 57 86 29 66 18 97 80 54 43 13 39 91 95 9 19 0 84 27 92 72 64 12 84 37 58 81 60 81 20 65 24 11 22 46 78 14 9 0 39 81 19 98 50 2 23 87 34 91 77 5 17 85 10 4 69 41 82 37 59 82 54 12 21 58 87 12 28 80 9 60 77 93 85 18 30 73 91 94 18 
3 19 21 0 53 81 63 19 33 32 17 65 18 69 31 1 27 94 45 84 91 15 12 61 91 6 89 28 79 25 61 90 26 27 24 60 1 10 96 1 13 78 80 53 92 58 39 89 87 92 69 0 76 79 72 48 91 82 39 0 91 94 29 48 26 97 9 3 7 35 75 27 86 57 51 9 56 26 17 8 5 54 78 62 84 83 21 52 52 58 11 52 84 77 71 10 19 15 10 20 
25 41 90 58 1 1 9 45 2 12 47 74 21 90 69 66 40 10 45 39 67 62 38 93 87 17 53 36 47 63 39 75 78 1 30 70 83 68 18 93 13 84 70 3 55 90 50 5 37 25 49 59 28 62 5 88 80 77 81 91 0 96 37 26 69 16 0 76 28 51 59 27 71 22 93 37 88 99 29 73 36 3 77 60 86 80 65 33 10 11 48 28 15 93 65 53 56 80 46 37 
6 89 51 39 60 34 7 53 63 73 64 52 58 67 68 24 28 49 88 63 28 33 47 65 53 2 52 20 97 84 65 17 77 31 34 43 57 29 79 71 49 0 53 58 71 19 17 52 5 85 94 41 41 55 37 22 88 97 19 94 96 0 77 72 9 2 61 14 74 30 75 31 16 49 71 65 34 95 36 56 63 50 76 12 6 93 76 85 75 9 36 39 63 61 71 17 63 75 5 98 
40 6 83 63 54 28 38 13 34 30 20 67 24 45 97 80 67 83 44 97 75 61 12 50 30 21 3 27 80 58 11 57 50 67 80 92 76 99 9 90 16 6 99 9 93 43 32 45 9 48 87 98 70 35 76 2 48 12 98 29 37 77 0 46 23 82 0 48 36 24 13 9 61 74 88 36 90 63 24 30 31 70 44 79 14 51 0 9 71 40 67 88 20 83 62 42 78 70 97 43 
55 90 81 61 72 13 40 70 90 57 50 95 82 14 29 3 49 33 27 62 16 44 30 8 39 64 0 67 71 63 83 14 8 66 45 71 72 20 13 79 10 1 35 15 37 72 57 72 35 8 40 23 51 95 82 33 21 5 50 48 26 72 46 0 49 77 93 96 41 3 66 98 57 73 24 27 9 70 27 53 61 62 70 14 3 11 84 80 9 8 26 1 6 10 39 6 22 71 99 62 
39 88 71 8 83 49 95 6 56 62 68 28 40 54 49 65 48 76 50 68 72 65 52 10 68 84 88 43 1 5 63 89 76 7 93 17 54 54 88 26 31 94 23 14 42 7 47 77 66 84 4 28 30 74 85 63 45 93 2 26 69 9 23 49 0 99 55 85 42 64 92 68 26 54 46 1 62 52 0 77 35 51 61 40 85 2 90 65 74 69 7 5 20 13 68 32 68 41 10 10 
50 61 25 66 3 70 5 48 59 29 40 91 67 36 77 60 12 42 45 57 42 50 95 91 61 91 10 99 22 46 63 8 64 42 96 70 20 94 39 13 83 10 15 85 25 60 65 54 57 85 72 53 56 64 1 5 95 10 23 97 16 2 82 77 99 0 83 89 8 17 14 86 60 60 26 51 0 72 36 79 85 45 97 67 59 33 94 88 14 95 27 38 89 33 65 60 33 74 55 58 
74 32 78 14 38 12 49 6 64 2 86 13 5 79 26 20 93 30 48 27 51 47 65 53 99 6 84 77 34 57 22 33 78 33 5 69 57 49 24 3 1 78 16 63 68 85 50 51 22 54 2 44 98 38 87 36 80 95 87 9 0 61 0 93 55 83 0 34 6 87 1 38 48 15 54 70 56 24 37 36 14 31 79 58 53 29 95 63 77 9 93 52 0 56 71 6 3 14 30 0 
85 39 0 75 13 47 27 30 15 10 0 26 8 47 49 34 24 80 64 1 83 27 31 56 38 28 96 6 29 29 2 81 61 59 93 38 2 64 92 69 57 89 13 20 23 88 49 16 13 68 14 67 18 17 91 55 60 18 34 3 76 14 48 96 85 89 34 0 59 30 43 15 40 65 89 77 50 97 71 32 73 44 29 72 15 87 94 90 8 63 21 51 54 14 32 3 70 17 94 50 
57 8 17 56 68 85 55 17 96 15 94 95 13 35 7 89 83 96 41 89 60 60 16 37 59 78 64 15 50 56 74 30 91 27 7 83 22 79 31 78 44 73 15 81 59 10 88 97 48 74 49 3 68 62 22 58 91 83 91 7 28 74 36 41 42 8 6 59 0 51 63 18 94 62 83 10 83 16 25 55 47 14 71 96 74 85 96 95 83 95 84 67 69 5 75 64 81 35 73 39 
39 43 74 1 92 69 43 72 70 40 44 23 70 94 98 39 52 51 29 32 66 15 75 19 1 27 89 64 71 51 11 37 54 16 78 39 12 78 46 81 41 48 28 76 52 43 70 38 40 58 83 41 69 68 64 81 94 91 77 35 51 30 24 3 64 17 87 30 51 0 99 39 92 2 64 67 62 88 1 56 60 5 2 52 80 28 43 46 79 41 77 55 61 14 71 14 56 83 10 72 
40 32 66 66 50 15 47 2 45 13 6 15 55 64 17 94 21 95 12 58 70 37 52 35 42 56 72 92 2 48 53 77 36 32 57 84 50 30 8 69 64 11 70 38 80 1 57 56 82 47 12 82 51 95 34 55 79 61 5 75 59 75 13 66 92 14 1 43 63 99 0 26 6 1 0 73 82 10 48 86 48 29 41 85 21 4 40 74 47 64 56 56 66 54 73 67 70 94 66 46 
20 1 42 75 62 0 96 97 77 41 52 13 73 25 84 72 96 48 25 88 53 79 16 50 52 1 8 21 45 98 53 27 77 31 64 62 19 99 60 91 76 61 21 98 18 68 92 31 52 95 84 62 25 32 83 43 77 1 17 27 27 31 9 98 68 86 38 15 18 39 26 0 54 1 2 59 76 75 50 99 94 65 42 54 9 10 69 44 66 41 33 21 89 28 18 17 66 48 35 64 
42 38 55 82 45 60 3 5 36 42 1 22 88 81 94 18 55 29 74 56 29 7 92 40 6 73 22 6 36 34 54 74 38 53 99 71 81 90 33 14 45 87 91 43 83 52 38 10 90 58 1 80 55 13 70 92 2 74 85 86 71 16 61 57 26 60 48 40 94 92 6 54 0 31 64 80 30 98 65 95 52 18 15 94 43 55 99 21 71 41 54 58 26 89 12 54 5 98 29 67 
25 65 28 89 32 82 69 96 54 35 30 85 3 16 89 92 74 96 95 23 36 94 35 83 73 22 5 44 31 78 75 16 86 14 65 61 64 98 56 2 70 90 14 61 99 34 24 24 51 71 56 84 53 13 8 9 47 22 10 57 22 49 74 73 54 60 15 65 62 2 1 1 31 0 49 39 23 63 79 47 17 3 80 96 31 21 9 84 67 77 50 80 79 32 14 28 47 7 46 83 
64 59 80 87 51 46 17 25 34 91 62 21 88 97 73 28 84 55 18 27 84 29 43 53 72 52 91 91 89 23 7 62 0 4 91 39 69 93 72 7 31 0 14 8 83 51 44 41 19 27 97 11 53 88 68 23 37 25 4 51 93 71 88 24 46 26 54 89 83 64 0 2 64 49 0 61 99 54 60 16 6 19 74 64 33 61 25 65 9 18 17 69 83 59 21 48 88 72 54 56 
23 70 16 30 96 12 98 74 84 46 52 80 22 61 61 17 75 61 53 65 1 31 94 67 95 99 81 36 97 12 55 76 81 91 95 3 13 51 48 96 8 30 68 91 45 83 4 5 21 63 8 56 60 94 37 87 82 43 69 9 37 65 36 27 1 51 70 77 10 67 73 59 80 39 61 0 12 28 38 61 6 71 64 75 95 6 53 49 13 95 64 42 36 45 44 75 54 60 68 98 
80 2 13 26 70 85 52 13 16 23 96 51 45 34 18 18 78 93 62 65 18 53 21 14 41 91 90 1 39 56 0 82 99 60 0 67 7 29 28 87 49 7 87 10 2 44 80 43 24 80 58 65 15 25 80 31 48 20 41 56 88 34 90 9 62 0 56 50 83 62 82 76 30 23 99 12 0 59 96 59 67 78 20 74 48 62 38 74 44 7 75 95 56 83 77 5 52 54 46 15 
45 42 7 97 33 29 64 93 49 7 56 85 12 23 6 54 22 66 61 5 18 48 22 12 2 84 98 52 70 45 1 46 51 66 87 3 45 76 73 25 48 2 95 58 36 17 50 26 41 5 86 11 59 35 55 48 5 60 82 26 99 95 63 70 52 72 24 97 16 88 10 75 98 63 54 28 59 0 95 39 28 34 63 11 66 46 57 3 49 24 21 47 86 93 56 79 80 72 78 23 
59 49 60 68 66 37 54 57 74 46 1 94 20 19 95 85 58 55 24 52 60 80 6 18 5 15 34 27 53 16 77 33 23 46 80 13 24 80 87 14 73 54 52 76 81 54 9 67 23 65 61 45 31 32 49 57 11 36 37 17 29 36 24 27 0 36 37 71 25 1 48 50 65 79 60 38 96 95 0 87 2 15 10 60 66 89 75 97 56 95 53 67 35 27 54 89 50 85 80 74 
68 20 41 48 11 74 65 64 56 15 27 67 51 33 56 10 75 47 27 77 31 30 33 56 50 2 67 42 6 44 23 44 33 46 21 96 58 12 24 70 26 22 34 91 90 92 39 60 10 88 35 19 59 17 93 42 94 64 59 8 73 56 30 53 77 79 36 32 55 56 86 99 95 47 16 61 59 39 87 0 54 44 32 84 85 16 62 30 86 29 89 77 77 30 52 65 2 22 77 73 
62 86 13 27 62 89 63 27 98 1 40 96 20 52 82 13 3 48 33 70 31 56 68 94 13 38 22 31 1 16 64 96 79 68 48 82 45 50 94 45 28 82 22 37 66 67 50 46 9 69 56 75 70 74 18 38 72 93 82 5 36 63 31 61 35 85 14 73 47 60 48 94 52 17 6 6 67 28 2 54 0 91 58 9 60 21 36 93 72 95 2 64 67 70 85 96 71 80 62 86 
52 46 24 63 92 66 69 61 45 14 36 53 37 63 41 11 7 14 69 29 27 70 12 19 76 73 13 71 93 8 20 11 32 24 52 21 8 44 79 84 52 42 60 25 8 78 18 70 40 80 93 3 78 34 96 57 94 41 54 54 3 50 70 62 51 45 31 44 14 5 29 65 18 3 19 71 78 34 15 44 91 0 40 20 94 37 65 23 43 3 6 30 56 95 46 13 8 28 16 17 
92 80 78 10 7 16 55 12 92 8 61 6 89 77 73 15 48 92 7 38 95 75 76 65 40 8 43 36 16 52 28 98 97 71 89 61 71 15 11 95 74 30 42 57 9 22 5 64 83 95 48 12 88 31 7 21 56 24 12 78 77 76 44 70 61 97 79 29 71 2 41 42 15 80 74 64 20 63 10 32 58 40 0 0 19 0 55 74 42 70 76 59 44 54 90 97 53 56 70 7 
81 64 98 69 96 56 91 56 10 86 83 44 5 8 76 61 72 32 99 19 69 85 66 85 65 32 59 83 52 21 7 6 40 44 15 49 85 44 21 12 6 30 75 33 92 44 89 34 76 86 80 33 48 13 62 16 90 29 21 62 60 12 79 14 40 67 58 72 96 52 85 54 94 96 64 75 74 11 60 84 9 20 0 0 2 76 96 66 62 75 62 5 28 96 4 7 38 12 75 7 
49 97 21 7 95 46 71 8 76 1 89 64 14 62 81 65 60 40 46 32 74 20 36 40 20 38 37 41 23 47 5 51 55 73 84 89 32 37 40 11 17 73 0 30 1 75 69 0 57 41 33 98 85 24 45 17 16 51 58 84 86 6 14 3 85 59 53 15 74 80 21 9 43 31 33 95 48 66 66 85 60 94 19 2 0 65 99 85 96 6 54 72 89 27 38 82 69 92 24 86 
41 6 66 99 23 46 66 70 27 40 4 96 12 82 85 75 92 36 71 0 48 40 23 17 74 10 5 65 72 45 94 76 82 29 14 64 43 31 72 68 50 67 28 71 64 56 86 28 87 71 1 50 60 38 83 18 29 58 87 83 80 93 51 11 2 33 29 87 85 28 4 10 55 21 61 6 62 46 89 16 21 37 0 76 65 0 89 38 40 80 36 21 16 85 38 60 40 64 90 18 
42 58 22 8 46 80 98 59 18 12 31 45 82 55 77 48 32 18 5 17 28 66 96 93 65 49 97 72 78 66 44 51 72 3 26 88 40 37 14 1 41 97 96 20 35 38 41 30 94 47 63 82 7 73 45 92 84 72 12 21 65 76 0 84 90 94 95 94 96 43 40 69 99 9 25 53 38 57 75 62 36 65 55 96 99 89 0 52 53 90 43 99 32 73 51 80 90 1 31 20 
89 68 82 60 71 51 51 72 22 3 84 51 75 81 49 83 75 72 50 43 45 47 48 73 82 73 83 80 92 57 14 29 41 36 5 85 63 87 56 80 96 44 60 0 44 55 29 44 16 76 4 23 67 83 75 8 9 67 28 52 33 85 9 80 65 88 63 90 95 46 74 44 21 84 65 49 74 3 97 30 93 23 74 66 85 38 52 0 44 25 93 59 44 37 92 51 93 81 38 65 
47 15 39 11 39 12 27 91 74 73 85 46 13 54 23 2 96 37 20 38 93 27 63 11 8 28 93 61 67 2 26 33 63 58 8 38 58 0 81 41 9 42 69 63 32 95 95 3 40 77 58 82 46 75 6 13 85 19 80 52 10 75 71 9 74 14 77 8 83 79 47 66 71 67 9 13 44 49 56 86 72 43 42 62 96 40 53 44 0 95 38 19 35 55 87 93 77 6 32 82 
96 46 91 54 2 98 0 58 12 14 16 80 61 55 2 75 0 26 63 75 61 68 71 11 16 13 99 26 84 66 12 83 28 12 83 47 40 93 59 9 34 13 76 57 53 82 98 82 69 83 71 24 35 81 56 27 90 65 9 58 11 9 40 8 69 95 9 63 95 41 64 41 41 77 18 95 7 24 95 29 95 3 70 75 6 80 90 25 95 0 5 75 62 67 81 10 0 21 47 82 
32 7 46 67 59 31 90 73 38 2 90 19 29 65 4 37 0 80 41 43 32 2 41 70 6 39 48 77 40 44 21 28 80 3 84 84 81 32 0 59 52 74 3 89 24 41 59 0 43 55 90 78 51 59 99 21 31 57 60 11 48 36 67 26 7 27 93 21 84 77 56 33 54 50 17 64 75 21 53 89 2 6 76 62 54 36 43 93 38 5 0 94 37 62 2 97 15 54 83 5 
44 59 70 16 79 26 78 7 70 65 14 51 77 30 28 15 67 71 37 26 13 69 96 97 78 52 91 57 99 55 28 71 88 4 35 69 96 57 70 61 61 64 75 80 82 90 3 99 11 18 18 40 63 60 83 56 57 1 77 52 28 39 88 1 5 38 52 51 67 55 56 21 58 80 69 42 95 47 67 77 64 30 59 5 72 21 99 59 19 75 94 0 35 85 96 15 77 38 75 35 
31 4 90 64 56 20 60 41 44 49 98 5 82 26 70 66 5 89 56 0 98 44 11 27 36 25 46 27 37 96 98 25 88 15 58 60 12 95 99 99 35 50 78 8 74 44 93 98 92 48 37 32 41 62 30 46 71 15 93 84 15 63 20 6 20 89 0 54 69 61 66 89 26 79 83 36 56 86 35 77 67 56 44 28 89 16 32 44 35 62 37 35 0 60 33 76 56 66 94 1 
70 65 6 9 85 44 15 49 94 93 25 48 67 32 19 14 44 15 71 37 48 12 61 97 36 28 73 26 39 64 46 39 16 87 58 49 72 67 5 44 92 98 91 25 7 98 41 22 52 6 41 6 46 66 25 25 16 94 85 77 93 61 83 10 13 33 56 14 5 14 54 28 89 32 59 45 83 93 27 30 70 95 54 96 27 85 73 37 55 67 62 85 60 0 19 88 12 44 98 41 
34 33 8 5 39 22 19 65 36 39 4 55 44 47 97 19 17 59 42 59 52 24 22 1 42 5 76 49 57 66 91 13 22 57 54 74 9 21 91 44 28 64 37 40 40 74 42 66 34 43 82 72 81 17 47 36 26 90 18 71 65 71 62 39 68 65 71 32 75 71 73 18 12 14 21 44 77 56 54 52 85 46 90 4 38 38 51 92 87 81 2 96 33 19 0 24 89 90 24 6 
94 55 90 23 51 24 83 88 52 48 31 45 78 5 80 34 83 67 16 63 55 62 86 35 22 87 95 59 90 55 28 8 34 51 77 77 41 68 4 56 21 7 78 86 83 20 80 19 35 68 34 3 64 63 63 24 73 86 30 10 53 17 42 6 32 60 6 3 64 14 67 17 54 28 48 75 5 79 89 65 96 13 97 7 82 60 80 51 93 10 97 15 76 88 24 0 32 52 42 86 
82 14 53 87 89 54 26 24 89 17 83 16 18 79 36 83 74 57 16 14 86 54 83 50 69 6 80 62 76 97 43 34 74 80 58 36 36 24 95 32 10 94 80 32 72 8 0 25 15 86 31 81 83 36 15 29 42 72 73 19 56 63 78 22 68 33 3 70 81 56 70 66 5 47 88 54 52 80 50 2 71 8 53 38 69 40 90 93 77 0 15 77 56 12 89 32 0 91 53 8 
16 27 88 23 53 18 25 53 77 96 93 96 65 15 75 99 21 21 57 51 51 21 14 35 81 96 93 74 3 90 75 33 69 39 76 94 49 0 35 34 27 24 67 4 69 37 41 82 31 35 50 20 16 74 11 90 35 28 91 15 80 75 70 71 41 74 14 17 35 83 94 48 98 7 72 60 54 72 85 22 80 28 56 12 92 64 1 81 6 21 54 38 66 44 90 52 91 0 9 96 
83 76 56 75 29 42 44 37 73 85 3 54 67 27 34 11 39 18 17 41 77 88 91 74 76 80 0 6 53 18 41 39 20 35 25 82 94 32 16 94 82 49 88 78 39 12 44 6 78 35 33 70 0 92 65 85 11 25 94 10 46 5 97 99 10 55 30 94 73 10 66 35 29 46 54 68 46 78 80 77 62 16 70 75 24 90 31 38 32 47 83 75 94 98 24 42 53 9 0 89 
45 79 58 29 83 87 79 1 31 83 81 44 92 2 80 61 85 1 70 92 47 81 26 68 70 25 45 94 51 86 49 27 1 57 36 78 64 8 20 4 65 7 98 32 90 62 79 70 42 34 42 34 77 50 80 62 81 86 18 20 37 98 43 62 10 58 0 50 39 72 46 64 67 83 56 98 15 23 74 73 86 17 7 7 86 18 20 65 82 82 5 35 1 41 6 86 8 96 89 0 
