25
121 110 id0 0 true
197 377 id1 1 true
316 341 id2 2 true
221 223 id3 3 true
165 365 id4 4 true
373 85 id5 5 true
329 148 id6 6 true
339 128 id7 7 true
79 75 id8 8 true
58 137 id9 9 true
389 386 id10 10 true
218 167 id11 11 true
259 324 id12 12 true
64 17 id13 13 true
303 5 id14 14 true
228 387 id15 15 true
68 174 id16 16 true
104 102 id17 17 true
40 282 id18 18 true
241 395 id19 19 true
7 323 id20 20 true
275 6 id21 21 true
122 320 id22 22 true
71 297 id23 23 true
353 38 id24 24 true
25
0 11 82 80 4 12 23 35 68 21 73 36 25 12 72 72 7 25 59 20 90 64 95 92 12 
11 0 36 99 47 74 65 78 68 70 69 19 100 94 38 67 51 31 29 25 39 98 62 61 36 
82 36 0 39 78 48 49 10 28 30 39 45 76 50 9 40 95 40 86 37 72 64 80 33 90 
80 99 39 0 54 12 13 87 49 67 3 85 3 96 28 93 74 58 38 42 87 43 32 8 42 
4 47 78 54 0 75 11 91 47 9 24 74 20 89 80 44 8 16 89 47 91 72 84 58 19 
12 74 48 12 75 0 7 16 15 35 43 2 58 66 57 50 20 84 11 23 7 51 20 53 94 
23 65 49 13 11 7 0 42 72 5 13 34 46 83 15 81 55 70 25 42 84 36 38 98 44 
35 78 10 87 91 16 42 0 62 27 90 95 38 38 59 36 5 74 8 58 85 38 23 14 33 
68 68 28 49 47 15 72 62 0 37 22 43 92 38 22 89 59 86 70 58 44 47 78 34 98 
21 70 30 67 9 35 5 27 37 0 37 42 86 61 69 8 32 19 11 28 64 28 23 85 31 
73 69 39 3 24 43 13 90 22 37 0 52 51 4 5 77 40 92 52 22 8 66 91 83 30 
36 19 45 85 74 2 34 95 43 42 52 0 40 47 86 91 84 47 76 45 39 38 45 15 64 
25 100 76 3 20 58 46 38 92 86 51 40 0 22 65 100 25 29 15 86 32 20 2 27 22 
12 94 50 96 89 66 83 38 38 61 4 47 22 0 20 20 78 9 16 64 87 87 9 85 35 
72 38 9 28 80 57 15 59 22 69 5 86 65 20 0 56 78 27 83 16 95 64 50 12 44 
72 67 40 93 44 50 81 36 89 8 77 91 100 20 56 0 96 6 12 97 96 13 11 88 83 
7 51 95 74 8 20 55 5 59 32 40 84 25 78 78 96 0 98 73 31 79 9 64 10 87 
25 31 40 58 16 84 70 74 86 19 92 47 29 9 27 6 98 0 22 65 10 79 47 58 17 
59 29 86 38 89 11 25 8 70 11 52 76 15 16 83 12 73 22 0 57 96 76 56 64 62 
20 25 37 42 47 23 42 58 58 28 22 45 86 64 16 97 31 65 57 0 14 36 44 78 44 
90 39 72 87 91 7 84 85 44 64 8 39 32 87 95 96 79 10 96 14 0 13 85 40 94 
64 98 64 43 72 51 36 38 47 28 66 38 20 87 64 13 9 79 76 36 13 0 20 84 69 
95 62 80 32 84 20 38 23 78 23 91 45 2 9 50 11 64 47 56 44 85 20 0 18 37 
92 61 33 8 58 53 98 14 34 85 83 15 27 85 12 88 10 58 64 78 40 84 18 0 90 
12 36 90 42 19 94 44 33 98 31 30 64 22 35 44 83 87 17 62 44 94 69 37 90 0 
