50
42 297 id0 0 true
194 74 id1 1 true
30 379 id2 2 true
10 206 id3 3 true
244 345 id4 4 true
202 154 id5 5 true
276 388 id6 6 true
235 41 id7 7 true
267 334 id8 8 true
37 322 id9 9 true
388 248 id10 10 true
259 13 id11 11 true
265 218 id12 12 true
155 136 id13 13 true
354 276 id14 14 true
218 356 id15 15 true
39 111 id16 16 true
192 394 id17 17 true
374 41 id18 18 true
334 8 id19 19 true
386 210 id20 20 true
295 154 id21 21 true
25 23 id22 22 true
251 180 id23 23 true
53 157 id24 24 true
83 345 id25 25 true
380 165 id26 26 true
39 13 id27 27 true
187 200 id28 28 true
137 365 id29 29 true
189 153 id30 30 true
226 324 id31 31 true
275 195 id32 32 true
241 117 id33 33 true
192 290 id34 34 true
325 383 id35 35 true
51 217 id36 36 true
281 79 id37 37 true
77 394 id38 38 true
216 346 id39 39 true
373 216 id40 40 true
230 79 id41 41 true
341 203 id42 42 true
50 63 id43 43 true
153 272 id44 44 true
110 348 id45 45 true
187 96 id46 46 true
38 294 id47 47 true
120 310 id48 48 true
174 130 id49 49 true
50
0 71 59 15 98 40 91 63 3 64 59 60 1 64 74 17 16 94 43 82 8 28 71 18 35 58 90 97 84 8 45 48 32 55 59 36 4 42 24 32 62 2 38 10 72 31 82 7 70 82 
71 0 97 81 7 90 1 47 8 68 69 34 2 46 57 65 94 44 17 87 4 38 20 36 69 48 34 91 96 38 43 1 44 69 60 32 28 76 30 60 73 92 20 40 83 21 52 31 69 83 
59 97 0 54 38 92 76 77 98 63 22 14 62 50 55 19 21 34 52 7 0 40 85 22 5 11 59 95 53 26 52 37 10 34 59 36 80 87 96 86 26 18 37 8 34 45 3 94 92 7 
15 81 54 0 83 54 72 36 75 72 44 30 59 20 66 14 40 11 76 40 8 45 22 69 48 5 29 29 8 54 87 58 22 72 22 77 75 11 36 70 76 53 81 64 51 51 30 35 57 58 
98 7 38 83 0 21 38 76 11 92 89 56 60 87 32 47 20 72 0 86 36 88 82 38 36 2 77 83 2 81 11 24 70 69 82 12 96 76 86 52 91 37 73 4 24 72 20 7 35 13 
40 90 92 54 21 0 52 41 28 54 94 11 77 30 4 39 75 96 30 98 90 83 35 15 37 23 21 20 85 84 3 70 78 89 0 83 88 43 65 99 3 71 43 0 83 11 39 98 21 20 
91 1 76 72 38 52 0 66 98 38 18 22 58 65 54 33 23 99 11 41 32 79 27 9 27 18 84 20 16 25 91 82 51 2 14 75 8 91 7 1 16 62 4 13 49 53 12 26 99 37 
63 47 77 36 76 41 66 0 39 28 62 1 13 66 86 67 24 40 51 15 13 73 7 8 97 0 6 90 2 23 4 48 5 47 50 43 93 29 94 77 16 73 54 93 83 40 62 51 98 12 
3 8 98 75 11 28 98 39 0 81 62 60 67 58 94 61 57 71 73 62 18 82 4 5 79 98 88 17 88 88 31 79 26 96 19 82 83 20 17 64 92 90 65 97 22 63 33 40 35 33 
64 68 63 72 92 54 38 28 81 0 86 17 7 28 89 87 29 94 88 93 53 64 65 47 68 74 21 99 82 10 89 17 41 85 57 65 19 19 30 92 25 53 90 5 23 48 93 58 48 57 
59 69 22 44 89 94 18 62 62 86 0 82 74 0 52 80 35 7 89 92 12 37 54 6 85 30 0 92 84 26 28 41 87 44 54 11 4 58 74 33 75 15 27 68 87 54 96 23 47 44 
60 34 14 30 56 11 22 1 60 17 82 0 31 59 39 70 69 32 4 65 98 11 38 48 77 61 65 94 57 94 97 58 74 29 79 7 11 79 69 40 28 70 93 64 47 24 39 90 72 69 
1 2 62 59 60 77 58 13 67 7 74 31 0 15 43 86 78 13 43 23 35 95 19 30 89 80 56 99 72 70 6 21 4 84 88 88 66 42 7 40 22 87 90 12 44 32 88 49 23 36 
64 46 50 20 87 30 65 66 58 28 0 59 15 0 45 71 79 91 68 12 7 61 96 50 54 97 20 53 32 25 59 41 19 70 68 46 66 94 20 78 3 74 32 38 16 18 18 23 95 59 
74 57 55 66 32 4 54 86 94 89 52 39 43 45 0 54 91 30 26 83 20 28 84 98 99 83 68 10 7 45 5 56 4 53 19 86 79 42 16 27 58 11 27 56 73 91 38 36 77 86 
17 65 19 14 47 39 33 67 61 87 80 70 86 71 54 0 44 95 9 96 93 92 60 8 5 23 58 38 11 10 79 48 26 31 0 1 27 15 48 16 1 4 81 32 38 36 63 50 46 80 
16 94 21 40 20 75 23 24 57 29 35 69 78 79 91 44 0 15 92 92 96 29 72 41 64 2 86 2 30 37 98 24 17 1 75 86 44 33 0 1 22 46 36 50 59 82 40 96 67 27 
94 44 34 11 72 96 99 40 71 94 7 32 13 91 30 95 15 0 5 40 51 70 28 22 70 57 79 84 65 5 45 71 6 13 92 55 53 75 28 3 39 53 2 4 1 18 47 15 96 59 
43 17 52 76 0 30 11 51 73 88 89 4 43 68 26 9 92 5 0 30 8 98 16 50 25 43 8 28 93 3 92 78 95 55 58 90 12 65 83 12 43 44 44 27 71 43 12 22 55 62 
82 87 7 40 86 98 41 15 62 93 92 65 23 12 83 96 92 40 30 0 42 42 59 51 81 45 9 6 60 15 60 2 44 25 21 43 22 70 51 8 34 75 14 32 90 22 74 24 59 17 
8 4 0 8 36 90 32 13 18 53 12 98 35 7 20 93 96 51 8 42 0 56 50 81 42 30 19 58 91 57 4 36 10 66 46 12 64 90 29 23 9 69 40 10 91 17 22 88 77 71 
28 38 40 45 88 83 79 73 82 64 37 11 95 61 28 92 29 70 98 42 56 0 99 62 61 3 24 7 66 93 86 1 38 26 18 9 77 66 26 69 59 72 61 39 54 22 72 28 0 84 
71 20 85 22 82 35 27 7 4 65 54 38 19 96 84 60 72 28 16 59 50 99 0 87 56 34 58 35 14 39 94 33 90 47 11 51 10 4 36 47 49 85 14 44 52 42 13 34 55 74 
18 36 22 69 38 15 9 8 5 47 6 48 30 50 98 8 41 22 50 51 81 62 87 0 34 42 28 12 92 13 76 81 25 60 81 62 1 76 99 55 55 61 26 24 83 20 93 87 38 45 
35 69 5 48 36 37 27 97 79 68 85 77 89 54 99 5 64 70 25 81 42 61 56 34 0 11 18 13 87 69 47 82 47 3 25 53 56 13 34 41 69 67 73 76 25 95 39 25 3 35 
58 48 11 5 2 23 18 0 98 74 30 61 80 97 83 23 2 57 43 45 30 3 34 42 11 0 18 29 20 9 85 71 32 13 45 73 56 54 34 43 34 45 86 6 16 59 20 52 68 80 
90 34 59 29 77 21 84 6 88 21 0 65 56 20 68 58 86 79 8 9 19 24 58 28 18 18 0 54 70 50 16 87 57 47 73 22 99 58 71 97 51 58 44 17 89 43 8 37 2 88 
97 91 95 29 83 20 20 90 17 99 92 94 99 53 10 38 2 84 28 6 58 7 35 12 13 29 54 0 54 53 66 86 42 9 7 33 35 34 95 22 49 21 86 36 16 52 39 77 44 12 
84 96 53 8 2 85 16 2 88 82 84 57 72 32 7 11 30 65 93 60 91 66 14 92 87 20 70 54 0 18 11 65 65 45 5 83 59 86 28 48 17 54 16 21 37 7 27 76 50 16 
8 38 26 54 81 84 25 23 88 10 26 94 70 25 45 10 37 5 3 15 57 93 39 13 69 9 50 53 18 0 93 56 2 39 83 15 7 12 96 19 89 72 98 63 91 60 29 13 76 28 
45 43 52 87 11 3 91 4 31 89 28 97 6 59 5 79 98 45 92 60 4 86 94 76 47 85 16 66 11 93 0 42 86 0 24 21 90 1 23 29 94 55 64 55 91 13 35 98 51 37 
48 1 37 58 24 70 82 48 79 17 41 58 21 41 56 48 24 71 78 2 36 1 33 81 82 71 87 86 65 56 42 0 5 22 40 43 5 50 95 76 28 56 71 46 32 59 4 46 47 17 
32 44 10 22 70 78 51 5 26 41 87 74 4 19 4 26 17 6 95 44 10 38 90 25 47 32 57 42 65 2 86 5 0 85 38 37 83 22 76 78 59 38 46 53 22 23 55 32 21 93 
55 69 34 72 69 89 2 47 96 85 44 29 84 70 53 31 1 13 55 25 66 26 47 60 3 13 47 9 45 39 0 22 85 0 64 32 31 85 17 92 58 76 48 18 29 27 72 33 63 78 
59 60 59 22 82 0 14 50 19 57 54 79 88 68 19 0 75 92 58 21 46 18 11 81 25 45 73 7 5 83 24 40 38 64 0 11 37 31 35 48 21 11 50 4 20 95 46 82 88 1 
36 32 36 77 12 83 75 43 82 65 11 7 88 46 86 1 86 55 90 43 12 9 51 62 53 73 22 33 83 15 21 43 37 32 11 0 11 1 33 16 59 8 29 78 46 13 34 52 93 2 
4 28 80 75 96 88 8 93 83 19 4 11 66 66 79 27 44 53 12 22 64 77 10 1 56 56 99 35 59 7 90 5 83 31 37 11 0 67 26 86 48 51 23 47 70 95 40 16 90 32 
42 76 87 11 76 43 91 29 20 19 58 79 42 94 42 15 33 75 65 70 90 66 4 76 13 54 58 34 86 12 1 50 22 85 31 1 67 0 58 25 54 75 63 60 23 57 44 17 4 76 
24 30 96 36 86 65 7 94 17 30 74 69 7 20 16 48 0 28 83 51 29 26 36 99 34 34 71 95 28 96 23 95 76 17 35 33 26 58 0 36 76 71 24 62 17 50 32 12 80 31 
32 60 86 70 52 99 1 77 64 92 33 40 40 78 27 16 1 3 12 8 23 69 47 55 41 43 97 22 48 19 29 76 78 92 48 16 86 25 36 0 92 7 78 76 32 58 50 5 17 78 
62 73 26 76 91 3 16 16 92 25 75 28 22 3 58 1 22 39 43 34 9 59 49 55 69 34 51 49 17 89 94 28 59 58 21 59 48 54 76 92 0 8 19 13 78 94 87 67 14 49 
2 92 18 53 37 71 62 73 90 53 15 70 87 74 11 4 46 53 44 75 69 72 85 61 67 45 58 21 54 72 55 56 38 76 11 8 51 75 71 7 8 0 11 14 29 0 60 24 2 53 
38 20 37 81 73 43 4 54 65 90 27 93 90 32 27 81 36 2 44 14 40 61 14 26 73 86 44 86 16 98 64 71 46 48 50 29 23 63 24 78 19 11 0 50 68 35 22 28 71 27 
10 40 8 64 4 0 13 93 97 5 68 64 12 38 56 32 50 4 27 32 10 39 44 24 76 6 17 36 21 63 55 46 53 18 4 78 47 60 62 76 13 14 50 0 79 53 85 29 42 80 
72 83 34 51 24 83 49 83 22 23 87 47 44 16 73 38 59 1 71 90 91 54 52 83 25 16 89 16 37 91 91 32 22 29 20 46 70 23 17 32 78 29 68 79 0 48 53 60 28 94 
31 21 45 51 72 11 53 40 63 48 54 24 32 18 91 36 82 18 43 22 17 22 42 20 95 59 43 52 7 60 13 59 23 27 95 13 95 57 50 58 94 0 35 53 48 0 34 1 31 88 
82 52 3 30 20 39 12 62 33 93 96 39 88 18 38 63 40 47 12 74 22 72 13 93 39 20 8 39 27 29 35 4 55 72 46 34 40 44 32 50 87 60 22 85 53 34 0 0 8 98 
7 31 94 35 7 98 26 51 40 58 23 90 49 23 36 50 96 15 22 24 88 28 34 87 25 52 37 77 76 13 98 46 32 33 82 52 16 17 12 5 67 24 28 29 60 1 0 0 9 19 
70 69 92 57 35 21 99 98 35 48 47 72 23 95 77 46 67 96 55 59 77 0 55 38 3 68 2 44 50 76 51 47 21 63 88 93 90 4 80 17 14 2 71 42 28 31 8 9 0 57 
82 83 7 58 13 20 37 12 33 57 44 69 36 59 86 80 27 59 62 17 71 84 74 45 35 80 88 12 16 28 37 17 93 78 1 2 32 76 31 78 49 53 27 80 94 88 98 19 57 0 
