70
144 119 id0 0 true
213 136 id1 1 true
175 141 id2 2 true
254 12 id3 3 true
249 320 id4 4 true
14 77 id5 5 true
72 65 id6 6 true
328 258 id7 7 true
282 387 id8 8 true
132 126 id9 9 true
332 234 id10 10 true
253 235 id11 11 true
81 172 id12 12 true
185 196 id13 13 true
337 69 id14 14 true
284 106 id15 15 true
192 227 id16 16 true
64 182 id17 17 true
176 92 id18 18 true
330 323 id19 19 true
79 155 id20 20 true
355 224 id21 21 true
292 340 id22 22 true
364 134 id23 23 true
182 252 id24 24 true
317 278 id25 25 true
230 223 id26 26 true
243 260 id27 27 true
151 356 id28 28 true
141 331 id29 29 true
64 160 id30 30 true
136 296 id31 31 true
81 282 id32 32 true
374 260 id33 33 true
170 227 id34 34 true
62 306 id35 35 true
68 322 id36 36 true
224 56 id37 37 true
326 367 id38 38 true
344 181 id39 39 true
325 21 id40 40 true
230 22 id41 41 true
20 394 id42 42 true
70 5 id43 43 true
172 299 id44 44 true
25 263 id45 45 true
336 133 id46 46 true
377 23 id47 47 true
340 111 id48 48 true
57 81 id49 49 true
299 132 id50 50 true
248 43 id51 51 true
300 150 id52 52 true
218 391 id53 53 true
250 289 id54 54 true
227 260 id55 55 true
57 158 id56 56 true
20 360 id57 57 true
139 227 id58 58 true
355 357 id59 59 true
327 151 id60 60 true
290 9 id61 61 true
295 167 id62 62 true
330 243 id63 63 true
329 343 id64 64 true
21 162 id65 65 true
367 321 id66 66 true
388 301 id67 67 true
115 255 id68 68 true
131 74 id69 69 true
70
0 52 42 76 98 10 21 47 95 17 82 20 17 96 52 60 8 59 66 98 71 3 6 43 5 71 7 83 59 95 77 59 40 90 53 28 8 60 40 13 17 71 96 88 88 69 63 98 58 33 32 85 83 83 44 20 62 73 81 92 22 1 69 15 49 92 28 3 17 15 
52 0 77 17 89 64 82 29 86 100 39 18 61 72 94 94 59 48 68 26 97 84 93 9 8 81 25 99 5 76 43 77 85 23 16 20 81 10 26 95 22 32 94 81 29 80 45 39 80 63 49 14 5 29 33 35 46 60 98 64 78 92 58 74 66 67 3 67 33 4 
42 77 0 1 38 71 65 89 31 98 25 76 47 51 58 88 44 55 64 74 56 89 76 79 19 18 69 22 36 69 83 9 7 43 65 46 51 2 24 87 35 16 84 91 22 74 2 81 26 98 32 87 31 54 28 5 38 30 98 52 27 17 70 4 89 90 66 75 17 69 
76 17 1 0 55 11 95 49 35 27 70 18 6 36 29 50 65 96 84 14 39 80 76 94 85 70 2 57 84 91 84 59 16 12 52 76 85 79 8 72 46 67 19 27 25 35 78 35 77 1 4 51 70 80 55 62 77 79 44 88 46 75 7 77 27 33 78 53 31 58 
98 89 38 55 0 66 38 8 44 86 19 71 30 17 29 16 5 46 15 64 22 78 93 98 79 59 96 30 93 40 94 85 42 27 78 69 46 43 4 52 12 95 32 44 25 42 52 100 50 18 36 7 79 19 15 3 24 43 92 38 65 4 66 69 93 43 23 53 30 17 
10 64 71 11 66 0 71 35 49 30 23 58 61 10 66 47 30 61 74 3 9 27 82 1 4 39 88 64 23 68 96 85 23 83 30 73 87 81 61 73 51 36 60 82 34 66 52 36 46 7 15 57 78 45 12 10 70 97 42 98 70 74 78 62 1 100 57 94 44 87 
21 82 65 95 38 71 0 22 22 72 1 76 58 77 35 73 45 91 66 46 5 18 62 7 42 99 16 87 32 86 19 80 3 55 66 70 33 97 58 90 44 37 79 86 34 73 57 30 35 41 61 95 80 93 56 30 23 78 12 45 72 35 83 36 64 52 32 93 68 87 
47 29 89 49 8 35 22 0 68 69 62 96 16 48 4 91 65 27 56 25 39 12 11 13 52 7 18 55 48 6 83 84 54 8 75 64 55 47 13 97 8 11 46 6 29 59 37 85 45 44 73 95 65 86 65 81 75 73 14 23 5 52 64 52 41 8 86 3 24 99 
95 86 31 35 44 49 22 68 0 72 26 14 22 80 45 72 37 44 16 98 70 91 85 4 43 74 97 72 76 31 41 5 54 36 12 17 3 41 92 86 74 38 40 30 22 67 69 16 71 6 17 61 82 11 24 10 35 86 54 98 54 23 40 90 98 84 26 16 31 75 
17 100 98 27 86 30 72 69 72 0 40 66 88 67 17 63 15 55 25 27 94 18 50 88 14 3 30 44 38 46 84 89 89 57 40 86 71 30 99 56 59 18 19 85 3 33 77 25 82 11 25 30 88 5 44 90 28 29 12 2 37 13 17 90 82 32 31 76 44 92 
82 39 25 70 19 23 1 62 26 40 0 54 100 24 54 77 43 95 34 45 46 66 62 58 5 28 71 46 38 50 82 17 61 70 38 40 40 5 37 9 43 84 66 88 45 2 77 75 34 25 77 76 48 6 14 12 16 53 49 64 78 12 42 88 52 64 50 25 92 18 
20 18 76 18 71 58 76 96 14 66 54 0 86 98 74 36 49 46 99 90 24 30 99 45 99 9 63 86 30 88 5 72 47 34 33 47 49 82 58 16 86 30 53 37 72 49 100 40 76 18 82 73 54 49 8 59 90 82 74 85 53 52 99 30 57 98 41 90 67 18 
17 61 47 6 30 61 58 16 22 88 100 86 0 32 76 67 9 64 64 32 81 62 77 50 42 31 79 3 33 25 24 92 61 93 80 70 96 25 93 58 25 31 36 2 86 6 27 68 60 39 76 19 85 13 32 29 47 50 26 89 77 67 68 13 93 83 4 39 61 4 
96 72 51 36 17 10 77 48 80 67 24 98 32 0 93 80 77 10 96 15 63 34 1 99 89 76 39 23 20 74 6 22 51 59 29 77 40 30 91 54 68 67 9 82 66 46 90 22 11 98 4 69 32 88 60 30 49 97 66 52 65 97 100 46 20 100 87 39 87 8 
52 94 58 29 29 66 35 4 45 17 54 74 76 93 0 47 98 100 80 20 41 19 80 97 87 71 61 57 89 33 14 61 67 90 4 30 5 44 59 38 62 73 53 26 53 82 38 86 98 77 55 72 18 5 17 75 100 52 80 88 25 92 3 57 57 24 26 23 86 56 
60 94 88 50 16 47 73 91 72 63 77 36 67 80 47 0 6 97 57 51 53 68 75 38 12 2 67 77 21 19 53 49 5 91 89 43 39 2 51 58 96 24 94 24 78 96 22 25 4 24 14 38 28 80 75 15 16 50 82 75 57 90 39 18 65 11 94 33 54 24 
8 59 44 65 5 30 45 65 37 15 43 49 9 77 98 6 0 18 76 73 26 58 28 62 34 13 67 83 56 53 99 13 51 43 30 68 74 8 58 62 15 20 42 60 84 16 93 30 23 6 69 17 82 51 51 47 11 2 26 70 80 59 46 4 15 9 33 9 3 48 
59 48 55 96 46 61 91 27 44 55 95 46 64 10 100 97 18 0 85 11 30 79 59 8 18 33 94 43 30 64 93 19 17 55 60 82 59 71 26 80 16 14 38 84 43 84 67 76 88 74 15 57 42 26 22 64 52 27 70 97 70 13 90 83 59 65 46 11 59 99 
66 68 64 84 15 74 66 56 16 25 34 99 64 96 80 57 76 85 0 40 89 62 51 32 70 89 59 32 87 3 32 8 97 85 87 43 6 48 7 50 79 45 14 88 19 88 30 73 15 74 20 83 45 36 8 12 70 83 80 20 20 42 57 25 70 77 98 41 7 55 
98 26 74 14 64 3 46 25 98 27 45 90 32 15 20 51 73 11 40 0 37 70 75 97 21 93 28 10 10 18 100 53 5 92 51 83 71 48 9 89 35 25 22 50 40 28 75 41 59 63 41 67 39 75 65 9 98 50 48 28 61 63 85 54 68 76 65 40 60 99 
71 97 56 39 22 9 5 39 70 94 46 24 81 63 41 53 26 30 89 37 0 24 95 39 35 5 2 43 20 38 96 47 37 74 60 39 11 47 50 95 6 79 90 31 84 54 31 32 73 94 74 52 9 4 69 17 13 52 49 25 41 89 31 98 98 72 78 44 2 5 
3 84 89 80 78 27 18 12 91 18 66 30 62 34 19 68 58 79 62 70 24 0 68 12 58 45 99 14 54 30 5 53 77 23 57 95 92 71 11 76 43 8 84 95 39 27 30 75 54 56 73 41 47 64 72 99 70 24 63 33 10 56 31 43 32 77 81 10 23 13 
6 93 76 76 93 82 62 11 85 50 62 99 77 1 80 75 28 59 51 75 95 68 0 55 47 62 60 90 69 49 6 38 3 6 35 32 63 83 93 7 96 17 58 56 85 94 50 12 12 93 12 77 52 21 78 8 90 37 24 30 55 74 9 62 46 85 68 17 68 69 
43 9 79 94 98 1 7 13 4 88 58 45 50 99 97 38 62 8 32 97 39 12 55 0 89 84 14 87 74 71 99 27 63 47 81 21 72 66 62 78 48 92 33 9 14 91 62 51 19 12 86 6 72 88 40 76 52 57 14 30 27 1 17 22 76 56 57 100 6 41 
5 8 19 85 79 4 42 52 43 14 5 99 42 89 87 12 34 18 70 21 35 58 47 89 0 81 47 48 3 46 14 35 81 64 28 47 99 87 65 26 40 33 16 34 4 10 43 99 30 12 56 45 38 94 74 19 39 45 57 99 6 6 70 82 1 11 47 40 62 99 
71 81 18 70 59 39 99 7 74 3 28 9 31 76 71 2 13 33 89 93 5 45 62 84 81 0 90 96 53 90 85 61 74 69 31 26 5 36 43 72 44 72 91 76 68 26 22 29 91 38 21 54 39 7 81 35 72 40 89 32 65 29 96 67 58 33 42 60 90 7 
7 25 69 2 96 88 16 18 97 30 71 63 79 39 61 67 67 94 59 28 2 99 60 14 47 90 0 76 30 5 16 20 49 75 100 31 92 1 60 11 36 37 68 39 66 14 61 56 72 61 87 27 80 13 40 13 83 59 14 88 67 50 96 32 92 46 4 35 17 52 
83 99 22 57 30 64 87 55 72 44 46 86 3 23 57 77 83 43 32 10 43 14 90 87 48 96 76 0 89 48 2 40 89 60 92 15 57 90 5 78 100 21 53 82 33 71 5 54 50 36 27 60 94 64 82 3 65 98 70 6 100 56 89 1 36 33 70 45 98 13 
59 5 36 84 93 23 32 48 76 38 38 30 33 20 89 21 56 30 87 10 20 54 69 74 3 53 30 89 0 48 29 85 83 77 85 74 21 87 79 84 90 32 89 2 7 4 53 34 80 14 29 11 2 96 61 67 56 28 32 26 23 50 60 15 35 84 9 67 19 29 
95 76 69 91 40 68 86 6 31 46 50 88 25 74 33 19 53 64 3 18 38 30 49 71 46 90 5 48 48 0 89 49 29 69 2 90 85 40 14 10 81 51 9 62 87 76 71 91 20 96 99 12 48 55 77 27 18 8 18 91 8 13 46 90 45 11 68 10 89 82 
77 43 83 84 94 96 19 83 41 84 82 5 24 6 14 53 99 93 32 100 96 5 6 99 14 85 16 2 29 89 0 44 41 32 44 6 41 64 56 44 26 40 100 56 81 79 15 11 80 39 31 70 4 79 66 29 55 14 87 90 7 60 1 85 38 47 24 38 22 68 
59 77 9 59 85 85 80 84 5 89 17 72 92 22 61 49 13 19 8 53 47 53 38 27 35 61 20 40 85 49 44 0 69 55 36 90 6 5 24 80 7 41 60 99 89 57 33 82 44 17 29 20 91 3 82 95 41 56 65 42 82 92 73 72 13 60 63 32 88 53 
40 85 7 16 42 23 3 54 54 89 61 47 61 51 67 5 51 17 97 5 37 77 3 63 81 74 49 89 83 29 41 69 0 39 31 96 49 42 32 81 28 99 7 63 52 3 81 99 23 61 46 9 68 77 7 17 43 57 14 18 33 44 7 72 26 75 68 84 18 93 
90 23 43 12 27 83 55 8 36 57 70 34 93 59 90 91 43 55 85 92 74 23 6 47 64 69 75 60 77 69 32 55 39 0 39 81 25 3 54 32 37 9 48 69 99 90 49 83 79 44 17 96 1 8 39 2 62 79 6 44 90 90 43 4 24 81 97 29 96 43 
53 16 65 52 78 30 66 75 12 40 38 33 80 29 4 89 30 60 87 51 60 57 35 81 28 31 100 92 85 2 44 36 31 39 0 66 33 58 28 78 3 9 60 47 54 69 30 50 73 81 60 99 32 25 3 69 8 34 10 61 48 77 83 96 43 8 58 21 80 15 
28 20 46 76 69 73 70 64 17 86 40 47 70 77 30 43 68 82 43 83 39 95 32 21 47 26 31 15 74 90 6 90 96 81 66 0 98 84 5 46 27 70 34 48 6 81 70 40 70 13 12 99 36 19 40 58 35 59 75 55 55 39 45 100 13 53 86 95 58 42 
8 81 51 85 46 87 33 55 3 71 40 49 96 40 5 39 74 59 6 71 11 92 63 72 99 5 92 57 21 85 41 6 49 25 33 98 0 18 9 22 91 99 52 61 51 51 10 22 41 49 95 57 57 83 34 51 30 20 89 33 55 50 20 2 78 83 83 79 76 47 
60 10 2 79 43 81 97 47 41 30 5 82 25 30 44 2 8 71 48 48 47 71 83 66 87 36 1 90 87 40 64 5 42 3 58 84 18 0 17 86 31 51 80 56 44 21 35 40 36 23 28 55 58 44 58 82 37 28 37 24 84 38 47 86 58 68 25 68 31 18 
40 26 24 8 4 61 58 13 92 99 37 58 93 91 59 51 58 26 7 9 50 11 93 62 65 43 60 5 79 14 56 24 32 54 28 5 9 17 0 87 88 60 90 20 4 21 45 93 33 97 52 75 27 83 68 76 78 100 95 62 77 1 32 48 91 1 12 7 4 24 
13 95 87 72 52 73 90 97 86 56 9 16 58 54 38 58 62 80 50 89 95 76 7 78 26 72 11 78 84 10 44 80 81 32 78 46 22 86 87 0 64 10 44 48 31 26 95 86 58 100 6 91 51 32 54 38 46 41 10 92 12 68 68 22 70 14 45 4 74 56 
17 22 35 46 12 51 44 8 74 59 43 86 25 68 62 96 15 16 79 35 6 43 96 48 40 44 36 100 90 81 26 7 28 37 3 27 91 31 88 64 0 26 40 91 54 83 21 99 56 59 42 68 33 86 18 62 54 90 78 7 30 3 57 26 13 43 82 49 77 1 
71 32 16 67 95 36 37 11 38 18 84 30 31 67 73 24 20 14 45 25 79 8 17 92 33 72 37 21 32 51 40 41 99 9 9 70 99 51 60 10 26 0 69 39 5 54 95 65 53 87 83 100 20 84 56 19 16 14 21 65 87 97 68 62 10 23 29 89 100 28 
96 94 84 19 32 60 79 46 40 19 66 53 36 9 53 94 42 38 14 22 90 84 58 33 16 91 68 53 89 9 100 60 7 48 60 34 52 80 90 44 40 69 0 22 4 82 100 8 3 36 94 6 40 27 63 34 7 71 68 67 45 30 59 75 15 80 75 53 37 5 
88 81 91 27 44 82 86 6 30 85 88 37 2 82 26 24 60 84 88 50 31 95 56 9 34 76 39 82 2 62 56 99 63 69 47 48 61 56 20 48 91 39 22 0 5 89 67 19 94 58 80 71 66 63 89 33 88 61 87 5 47 30 74 75 40 99 41 80 75 18 
88 29 22 25 25 34 34 29 22 3 45 72 86 66 53 78 84 43 19 40 84 39 85 14 4 68 66 33 7 87 81 89 52 99 54 6 51 44 4 31 54 5 4 5 0 98 64 46 27 61 59 56 93 87 20 47 78 80 98 51 90 49 79 99 55 56 62 34 73 16 
69 80 74 35 42 66 73 59 67 33 2 49 6 46 82 96 16 84 88 28 54 27 94 91 10 26 14 71 4 76 79 57 3 90 69 81 51 21 21 26 83 54 82 89 98 0 78 35 64 53 12 6 77 92 75 61 80 79 36 3 24 88 27 23 31 96 90 77 79 33 
63 45 2 78 52 52 57 37 69 77 77 100 27 90 38 22 93 67 30 75 31 30 50 62 43 22 61 5 53 71 15 33 81 49 30 70 10 35 45 95 21 95 100 67 64 78 0 20 97 5 67 92 23 55 23 89 46 68 25 65 53 28 24 77 23 21 23 53 71 26 
98 39 81 35 100 36 30 85 16 25 75 40 68 22 86 25 30 76 73 41 32 75 12 51 99 29 56 54 34 91 11 82 99 83 50 40 22 40 93 86 99 65 8 19 46 35 20 0 76 70 19 97 79 38 81 18 5 47 39 88 43 33 91 57 30 56 94 28 80 60 
58 80 26 77 50 46 35 45 71 82 34 76 60 11 98 4 23 88 15 59 73 54 12 19 30 91 72 50 80 20 80 44 23 79 73 70 41 36 33 58 56 53 3 94 27 64 97 76 0 56 20 59 8 37 94 7 68 65 70 42 28 11 99 5 79 22 7 10 74 52 
33 63 98 1 18 7 41 44 6 11 25 18 39 98 77 24 6 74 74 63 94 56 93 12 12 38 61 36 14 96 39 17 61 44 81 13 49 23 97 100 59 87 36 58 61 53 5 70 56 0 95 56 44 75 47 24 66 11 22 98 57 27 51 69 7 18 66 82 13 60 
32 49 32 4 36 15 61 73 17 25 77 82 76 4 55 14 69 15 20 41 74 73 12 86 56 21 87 27 29 99 31 29 46 17 60 12 95 28 52 6 42 83 94 80 59 12 67 19 20 95 0 41 73 37 90 7 70 90 58 45 20 43 13 84 74 34 4 8 88 46 
85 14 87 51 7 57 95 95 61 30 76 73 19 69 72 38 17 57 83 67 52 41 77 6 45 54 27 60 11 12 70 20 9 96 99 99 57 55 75 91 68 100 6 71 56 6 92 97 59 56 41 0 6 87 70 15 43 38 22 94 49 82 64 73 88 15 24 44 43 30 
83 5 31 70 79 78 80 65 82 88 48 54 85 32 18 28 82 42 45 39 9 47 52 72 38 39 80 94 2 48 4 91 68 1 32 36 57 58 27 51 33 20 40 66 93 77 23 79 8 44 73 6 0 56 2 14 68 32 71 92 75 35 97 42 40 82 8 58 22 42 
83 29 54 80 19 45 93 86 11 5 6 49 13 88 5 80 51 26 36 75 4 64 21 88 94 7 13 64 96 55 79 3 77 8 25 19 83 44 83 32 86 84 27 63 87 92 55 38 37 75 37 87 56 0 88 79 56 87 68 7 86 79 89 7 57 14 64 58 30 63 
44 33 28 55 15 12 56 65 24 44 14 8 32 60 17 75 51 22 8 65 69 72 78 40 74 81 40 82 61 77 66 82 7 39 3 40 34 58 68 54 18 56 63 89 20 75 23 81 94 47 90 70 2 88 0 17 79 7 96 77 50 17 51 8 95 41 8 10 47 64 
20 35 5 62 3 10 30 81 10 90 12 59 29 30 75 15 47 64 12 9 17 99 8 76 19 35 13 3 67 27 29 95 17 2 69 58 51 82 76 38 62 19 34 33 47 61 89 18 7 24 7 15 14 79 17 0 78 6 88 32 81 86 22 97 99 61 42 82 78 65 
62 46 38 77 24 70 23 75 35 28 16 90 47 49 100 16 11 52 70 98 13 70 90 52 39 72 83 65 56 18 55 41 43 62 8 35 30 37 78 46 54 16 7 88 78 80 46 5 68 66 70 43 68 56 79 78 0 28 56 88 88 70 91 41 32 18 25 10 41 83 
73 60 30 79 43 97 78 73 86 29 53 82 50 97 52 50 2 27 83 50 52 24 37 57 45 40 59 98 28 8 14 56 57 79 34 59 20 28 100 41 90 14 71 61 80 79 68 47 65 11 90 38 32 87 7 6 28 0 62 17 6 37 29 10 97 46 55 83 68 10 
81 98 98 44 92 42 12 14 54 12 49 74 26 66 80 82 26 70 80 48 49 63 24 14 57 89 14 70 32 18 87 65 14 6 10 75 89 37 95 10 78 21 68 87 98 36 25 39 70 22 58 22 71 68 96 88 56 62 0 37 8 100 99 52 97 9 77 37 77 58 
92 64 52 88 38 98 45 23 98 2 64 85 89 52 88 75 70 97 20 28 25 33 30 30 99 32 88 6 26 91 90 42 18 44 61 55 33 24 62 92 7 65 67 5 51 3 65 88 42 98 45 94 92 7 77 32 88 17 37 0 65 42 64 74 87 66 80 77 81 100 
22 78 27 46 65 70 72 5 54 37 78 53 77 65 25 57 80 70 20 61 41 10 55 27 6 65 67 100 23 8 7 82 33 90 48 55 55 84 77 12 30 87 45 47 90 24 53 43 28 57 20 49 75 86 50 81 88 6 8 65 0 68 42 14 55 63 97 14 24 63 
1 92 17 75 4 74 35 52 23 13 12 52 67 97 92 90 59 13 42 63 89 56 74 1 6 29 50 56 50 13 60 92 44 90 77 39 50 38 1 68 3 97 30 30 49 88 28 33 11 27 43 82 35 79 17 86 70 37 100 42 68 0 71 2 83 14 62 97 20 10 
69 58 70 7 66 78 83 64 40 17 42 99 68 100 3 39 46 90 57 85 31 31 9 17 70 96 96 89 60 46 1 73 7 43 83 45 20 47 32 68 57 68 59 74 79 27 24 91 99 51 13 64 97 89 51 22 91 29 99 64 42 71 0 38 36 80 93 10 83 42 
15 74 4 77 69 62 36 52 90 90 88 30 13 46 57 18 4 83 25 54 98 43 62 22 82 67 32 1 15 90 85 72 72 4 96 100 2 86 48 22 26 62 75 75 99 23 77 57 5 69 84 73 42 7 8 97 41 10 52 74 14 2 38 0 26 54 70 33 7 37 
49 66 89 27 93 1 64 41 98 82 52 57 93 20 57 65 15 59 70 68 98 32 46 76 1 58 92 36 35 45 38 13 26 24 43 13 78 58 91 70 13 10 15 40 55 31 23 30 79 7 74 88 40 57 95 99 32 97 97 87 55 83 36 26 0 31 21 30 76 64 
92 67 90 33 43 100 52 8 84 32 64 98 83 100 24 11 9 65 77 76 72 77 85 56 11 33 46 33 84 11 47 60 75 81 8 53 83 68 1 14 43 23 80 99 56 96 21 56 22 18 34 15 82 14 41 61 18 46 9 66 63 14 80 54 31 0 56 99 37 65 
28 3 66 78 23 57 32 86 26 31 50 41 4 87 26 94 33 46 98 65 78 81 68 57 47 42 4 70 9 68 24 63 68 97 58 86 83 25 12 45 82 29 75 41 62 90 23 94 7 66 4 24 8 64 8 42 25 55 77 80 97 62 93 70 21 56 0 40 83 7 
3 67 75 53 53 94 93 3 16 76 25 90 39 39 23 33 9 11 41 40 44 10 17 100 40 60 35 45 67 10 38 32 84 29 21 95 79 68 7 4 49 89 53 80 34 77 53 28 10 82 8 44 58 58 10 82 10 83 37 77 14 97 10 33 30 99 40 0 38 11 
17 33 17 31 30 44 68 24 31 44 92 67 61 87 86 54 3 59 7 60 2 23 68 6 62 90 17 98 19 89 22 88 18 96 80 58 76 31 4 74 77 100 37 75 73 79 71 80 74 13 88 43 22 30 47 78 41 68 77 81 24 20 83 7 76 37 83 38 0 16 
15 4 69 58 17 87 87 99 75 92 18 18 4 8 56 24 48 99 55 99 5 13 69 41 99 7 52 13 29 82 68 53 93 43 15 42 47 18 24 56 1 28 5 18 16 33 26 60 52 60 46 30 42 63 64 65 83 10 58 100 63 10 42 37 64 65 7 11 16 0 
