100
198 193 id_0 0 true
327 93 id_1 1 true
278 121 id_2 2 true
361 238 id_3 3 true
293 236 id_4 4 true
160 99 id_5 5 true
64 371 id_6 6 true
130 235 id_7 7 true
272 26 id_8 8 true
140 291 id_9 9 true
91 212 id_10 10 true
386 203 id_11 11 true
63 45 id_12 12 true
322 261 id_13 13 true
4 179 id_14 14 true
115 274 id_15 15 true
387 307 id_16 16 true
366 147 id_17 17 true
69 238 id_18 18 true
359 301 id_19 19 true
274 182 id_20 20 true
357 293 id_21 21 true
398 372 id_22 22 true
13 314 id_23 23 true
303 147 id_24 24 true
287 371 id_25 25 true
209 92 id_26 26 true
396 174 id_27 27 true
25 281 id_28 28 true
272 230 id_29 29 true
57 158 id_30 30 true
378 319 id_31 31 true
148 59 id_32 32 true
125 47 id_33 33 true
50 306 id_34 34 true
275 27 id_35 35 true
170 80 id_36 36 true
183 232 id_37 37 true
387 58 id_38 38 true
96 105 id_39 39 true
227 65 id_40 40 true
179 56 id_41 41 true
236 222 id_42 42 true
178 224 id_43 43 true
34 366 id_44 44 true
275 66 id_45 45 true
286 346 id_46 46 true
363 4 id_47 47 true
304 331 id_48 48 true
49 253 id_49 49 true
392 344 id_50 50 true
372 280 id_51 51 true
104 150 id_52 52 true
141 32 id_53 53 true
250 158 id_54 54 true
117 240 id_55 55 true
146 134 id_56 56 true
154 202 id_57 57 true
312 260 id_58 58 true
23 268 id_59 59 true
73 264 id_60 60 true
121 346 id_61 61 true
292 281 id_62 62 true
290 2 id_63 63 true
325 143 id_64 64 true
130 49 id_65 65 true
262 345 id_66 66 true
157 11 id_67 67 true
56 393 id_68 68 true
18 370 id_69 69 true
284 219 id_70 70 true
320 23 id_71 71 true
288 242 id_72 72 true
325 163 id_73 73 true
200 240 id_74 74 true
153 292 id_75 75 true
366 127 id_76 76 true
219 294 id_77 77 true
100 136 id_78 78 true
284 54 id_79 79 true
298 268 id_80 80 true
184 115 id_81 81 true
105 305 id_82 82 true
378 249 id_83 83 true
57 239 id_84 84 true
187 276 id_85 85 true
182 267 id_86 86 true
79 248 id_87 87 true
223 279 id_88 88 true
111 16 id_89 89 true
25 251 id_90 90 true
362 387 id_91 91 true
29 392 id_92 92 true
159 23 id_93 93 true
321 23 id_94 94 true
244 234 id_95 95 true
208 152 id_96 96 true
238 2 id_97 97 true
36 347 id_98 98 true
312 182 id_99 99 true
100
0 1 25 70 59 54 67 22 50 82 71 37 93 13 80 9 5 74 46 86 6 8 84 27 25 39 10 19 73 79 64 36 36 69 2 10 58 78 14 25 75 2 9 83 78 37 35 13 43 100 68 92 9 4 56 28 58 13 29 21 90 39 46 10 22 79 39 47 74 41 98 51 79 64 20 46 64 57 58 35 2 68 14 98 47 14 74 7 100 79 14 42 22 72 98 84 48 18 52 1 
1 0 1 55 11 27 20 56 54 39 53 56 3 98 81 71 5 44 20 82 24 7 64 46 45 12 37 43 96 70 44 45 28 98 98 41 63 28 91 57 22 11 78 13 82 51 78 32 34 2 24 69 28 69 58 70 92 59 30 63 87 57 13 61 46 43 4 54 78 10 31 28 35 79 81 33 13 100 51 31 51 96 15 44 96 77 64 32 23 39 100 72 58 73 56 23 93 16 38 70 
25 1 0 1 39 49 79 93 76 91 52 48 34 13 66 17 75 15 62 81 29 93 61 95 96 77 80 19 64 64 71 99 3 89 27 71 38 43 3 60 63 89 9 32 45 70 98 37 41 88 50 73 33 14 15 45 48 77 92 9 55 78 81 80 65 47 17 52 13 75 84 51 18 74 16 45 72 62 35 37 34 63 96 52 32 16 78 25 79 67 97 56 2 32 71 21 39 9 3 8 
70 55 1 0 1 76 53 42 28 36 49 51 22 2 30 83 5 3 26 27 2 7 17 26 99 56 65 25 11 70 92 28 63 29 14 85 45 45 9 35 10 73 59 44 49 30 35 30 81 87 61 66 24 82 48 14 70 19 48 73 16 58 82 54 20 29 44 76 45 82 56 59 44 88 2 46 52 15 82 57 5 80 84 79 8 16 2 42 76 29 66 41 8 86 69 20 54 37 27 70 
59 11 39 1 0 1 41 22 33 30 35 34 29 81 74 52 49 66 87 13 46 33 77 20 80 66 61 67 21 79 74 26 92 30 51 2 74 15 13 69 38 56 47 63 33 62 88 67 52 40 38 45 80 58 45 51 33 97 90 67 6 46 3 14 39 33 19 85 97 95 32 55 63 38 71 24 25 12 42 7 98 62 10 83 26 99 76 13 80 32 87 63 88 72 30 17 86 52 4 7 
54 27 49 76 1 0 1 5 53 29 100 64 98 7 2 93 45 96 6 30 81 83 83 52 2 36 92 8 92 4 52 15 88 69 79 43 52 60 82 84 48 34 5 47 89 56 99 10 5 56 32 96 53 98 98 76 48 19 87 37 8 84 43 86 98 33 96 72 25 98 76 3 88 50 4 84 92 19 64 33 93 76 25 15 23 91 23 99 27 60 90 26 41 91 20 28 29 62 95 61 
67 20 79 53 41 1 0 1 26 95 54 81 25 4 54 86 34 59 6 33 5 31 78 8 69 59 69 12 70 45 42 34 57 65 95 100 25 57 47 4 38 18 15 59 44 2 90 80 57 67 81 4 8 29 47 87 87 79 39 37 45 97 8 55 80 70 73 43 21 56 9 16 53 76 53 49 3 30 64 76 50 91 37 85 7 63 2 73 41 36 62 38 20 16 9 6 40 8 8 98 
22 56 93 42 22 5 1 0 1 45 33 67 90 64 63 56 99 42 68 48 22 30 34 15 94 76 50 98 65 17 48 68 81 5 2 5 27 49 96 82 12 7 74 48 96 33 17 96 77 3 27 43 53 2 86 76 27 74 89 33 45 20 93 92 58 37 58 16 9 34 52 66 12 56 83 4 98 80 9 2 4 78 6 68 43 69 30 70 24 32 3 89 67 91 52 52 97 65 88 90 
50 54 76 28 33 53 26 1 0 1 33 40 73 70 96 24 99 17 60 30 61 94 43 29 76 52 11 93 43 23 70 44 90 12 69 40 4 90 60 19 3 13 76 37 96 86 89 81 3 89 56 6 58 84 43 71 7 58 15 71 65 36 73 18 24 19 74 75 80 20 92 86 42 59 85 50 71 55 37 71 2 58 68 41 69 79 10 23 94 19 90 42 42 26 22 37 5 31 86 2 
82 39 91 36 30 29 95 45 1 0 1 12 31 86 15 35 39 36 20 64 63 23 63 4 59 65 77 10 51 44 5 51 100 48 84 32 88 66 93 7 22 11 94 84 40 47 45 84 6 25 61 37 100 33 80 37 68 53 3 51 23 11 24 73 62 51 3 78 16 12 47 98 52 41 97 72 82 35 92 70 12 63 15 89 60 40 80 6 69 82 75 61 20 37 28 41 2 25 39 88 
71 53 52 49 35 100 54 33 33 1 0 1 73 29 58 98 21 28 92 72 11 69 20 79 36 37 42 88 76 70 21 89 60 86 43 75 23 10 7 98 6 25 25 99 47 79 71 18 45 61 63 67 19 43 27 7 36 35 54 14 93 61 76 17 42 40 71 24 8 69 99 24 58 80 4 30 50 64 82 20 68 84 2 68 45 63 85 98 66 5 85 42 81 10 49 31 79 42 91 12 
37 56 48 51 34 64 81 67 40 12 1 0 1 45 30 61 15 40 87 15 11 63 25 45 67 27 69 40 8 71 5 11 13 21 47 32 66 73 75 17 65 25 36 9 58 26 76 98 67 99 73 39 44 28 83 39 7 83 75 82 24 96 24 2 85 78 70 32 44 92 48 58 17 71 85 58 6 68 20 40 41 26 34 63 69 9 98 56 99 24 92 69 3 13 42 85 53 4 98 7 
93 3 34 22 29 98 25 90 73 31 73 1 0 1 53 11 46 2 22 58 2 68 3 32 63 74 79 24 18 6 83 58 65 19 52 21 39 52 94 33 69 49 77 63 60 92 86 17 46 9 86 89 75 55 38 11 14 92 48 31 90 47 28 15 19 3 32 56 43 24 28 33 55 69 66 98 67 75 59 55 48 90 50 57 95 31 47 25 73 29 5 74 91 80 27 51 97 20 15 69 
13 98 13 2 81 7 4 64 70 86 29 45 1 0 1 60 27 17 2 100 95 51 34 9 19 8 74 5 84 2 17 51 41 99 14 17 94 44 84 78 68 87 82 60 49 55 59 55 52 22 57 58 27 21 85 9 94 71 19 30 23 6 98 16 44 76 78 69 13 62 99 27 60 85 16 16 62 31 50 70 95 10 31 68 87 36 98 8 10 52 23 51 19 3 36 73 50 44 71 89 
80 81 66 30 74 2 54 63 96 15 58 30 53 1 0 1 38 39 83 44 34 47 72 57 80 71 80 66 26 34 15 58 4 8 21 92 12 26 62 67 10 60 68 50 54 20 27 55 67 6 47 35 94 88 4 74 100 61 94 69 70 69 5 53 31 52 66 70 6 40 93 81 47 38 11 47 18 27 40 4 96 73 50 36 62 71 53 31 17 29 73 46 43 59 32 77 62 12 69 40 
9 71 17 83 52 93 86 56 24 35 98 61 11 60 1 0 1 30 91 7 77 85 40 26 12 7 24 32 48 28 93 90 75 62 78 15 78 25 74 12 15 14 85 57 57 21 23 30 30 2 92 99 63 8 88 69 27 88 73 45 63 27 2 19 72 88 22 31 68 86 9 73 64 52 34 37 75 61 98 82 45 7 6 81 41 44 74 36 67 40 60 73 63 37 70 3 78 52 21 33 
5 5 75 5 49 45 34 99 99 39 21 15 46 27 38 1 0 1 74 28 63 40 65 48 47 53 94 71 44 41 7 48 24 26 27 27 9 17 14 76 42 85 38 20 15 94 54 83 73 83 88 43 91 31 58 47 20 37 28 8 25 92 3 47 64 67 98 98 51 22 33 36 20 32 99 68 18 85 74 2 6 78 14 20 54 94 100 28 69 78 67 77 20 60 42 85 79 23 65 4 
74 44 15 3 66 96 59 42 17 36 28 40 2 17 39 30 1 0 1 96 24 17 14 90 32 79 69 66 30 12 53 63 13 10 37 66 17 4 7 3 69 78 79 78 67 51 70 42 3 53 32 55 14 65 32 18 77 50 21 7 6 88 2 57 43 21 16 18 80 32 25 37 46 35 92 33 21 97 93 26 11 22 20 17 70 97 10 86 28 17 13 43 68 75 46 45 25 10 48 62 
46 20 62 26 87 6 6 68 60 20 92 87 22 2 83 91 74 1 0 1 70 56 73 34 57 73 21 48 84 38 44 25 25 51 2 99 27 5 26 25 34 2 70 31 50 3 95 3 33 87 50 26 82 30 62 22 35 73 99 80 81 50 79 54 45 97 95 24 63 77 8 55 74 86 26 51 4 98 10 14 30 69 67 82 33 2 10 70 85 55 79 20 55 30 99 87 73 51 50 57 
86 82 81 27 13 30 33 48 30 64 72 15 58 100 44 7 28 96 1 0 1 93 69 39 55 100 90 32 36 94 29 13 47 86 22 55 5 37 41 14 23 75 90 23 88 77 10 50 79 33 96 38 21 100 21 44 39 46 78 55 55 48 51 87 76 70 67 34 63 75 26 63 77 47 53 70 24 44 42 60 67 85 53 97 100 70 11 31 90 57 75 48 50 20 64 71 14 84 34 28 
6 24 29 2 46 81 5 22 61 63 11 11 2 95 34 77 63 24 70 1 0 1 91 57 56 39 12 18 82 33 35 66 91 55 6 83 54 81 69 3 76 60 56 81 39 59 46 80 14 59 74 46 21 52 88 12 73 47 39 65 8 85 88 2 52 67 84 7 51 23 80 46 34 62 2 70 93 44 8 14 6 18 12 71 56 18 15 55 28 29 92 65 31 58 42 17 51 15 42 39 
8 7 93 7 33 83 31 30 94 23 69 63 68 51 47 85 40 17 56 93 1 0 1 72 41 50 26 28 92 63 70 83 26 83 30 55 53 47 51 53 25 48 99 36 56 41 17 84 6 69 59 92 97 22 25 37 86 39 97 27 47 46 39 95 61 13 12 27 2 88 64 78 84 36 82 30 52 86 75 47 43 70 59 7 56 72 54 90 22 93 42 40 71 15 52 52 88 22 30 5 
84 64 61 17 77 83 78 34 43 63 20 25 3 34 72 40 65 14 73 69 91 1 0 1 9 24 95 21 55 85 29 35 21 86 77 40 59 10 43 56 5 32 93 30 64 73 26 76 19 98 36 95 53 33 30 98 67 29 36 99 68 86 25 45 23 32 2 27 32 50 60 74 3 45 100 38 97 48 16 21 19 38 30 40 31 36 20 12 41 60 13 54 84 66 69 66 94 49 15 35 
27 46 95 26 20 52 8 15 29 4 79 45 32 9 57 26 48 90 34 39 57 72 1 0 1 4 67 65 93 46 65 90 89 35 16 5 74 97 7 17 42 53 3 78 74 76 30 74 17 79 49 7 7 73 20 56 77 68 92 61 36 94 35 36 34 20 65 16 89 26 36 6 2 4 36 35 18 62 77 79 64 89 95 67 80 98 94 44 83 41 4 3 100 80 3 58 47 7 81 2 
25 45 96 99 80 2 69 94 76 59 36 67 63 19 80 12 47 32 57 55 56 41 9 1 0 1 18 95 65 30 76 80 64 71 63 88 56 100 37 81 32 69 15 39 39 78 43 91 2 81 75 32 59 83 25 82 3 47 18 94 58 37 90 90 19 98 68 12 26 17 59 20 19 68 49 97 23 30 44 29 78 73 83 2 2 47 86 89 44 100 9 15 72 33 88 14 24 96 90 9 
39 12 77 56 66 36 59 76 52 65 37 27 74 8 71 7 53 79 73 100 39 50 24 4 1 0 1 84 80 26 48 83 57 41 62 82 2 70 71 35 86 63 61 78 66 45 14 70 93 42 44 18 12 45 45 96 49 68 98 48 31 76 69 25 86 37 48 97 43 73 44 34 68 67 90 12 53 2 26 21 70 17 42 26 48 62 32 93 55 97 39 5 89 32 42 9 31 34 65 49 
10 37 80 65 61 92 69 50 11 77 42 69 79 74 80 24 94 69 21 90 12 26 95 67 18 1 0 1 5 35 79 16 99 49 71 95 89 70 42 69 9 11 6 67 36 40 70 85 49 8 58 57 59 17 9 5 90 3 96 5 48 71 54 96 10 71 56 11 17 90 94 45 24 99 34 2 45 82 72 97 27 33 45 29 50 44 25 73 57 85 94 78 62 31 95 76 90 64 47 69 
19 43 19 25 67 8 12 98 93 10 88 40 24 5 66 32 71 66 48 32 18 28 21 65 95 84 1 0 1 88 97 47 68 36 51 6 67 83 76 58 59 32 57 89 22 4 17 40 47 51 87 9 61 88 64 97 55 45 99 2 41 53 77 21 95 66 2 66 75 44 96 41 12 52 78 85 19 57 22 5 52 50 14 79 19 83 80 71 37 100 26 2 46 3 9 40 76 68 53 39 
73 96 64 11 21 92 70 65 43 51 76 8 18 84 26 48 44 30 84 36 82 92 55 93 65 80 5 1 0 1 22 60 52 6 2 35 6 19 12 18 69 38 5 11 77 2 42 62 87 25 30 60 43 40 87 17 99 35 95 71 51 61 67 91 58 51 85 96 4 72 62 4 39 18 74 32 72 2 15 32 79 4 70 77 91 80 37 64 51 5 63 66 62 54 27 15 49 100 94 51 
79 70 64 70 79 4 45 17 23 44 70 71 6 2 34 28 41 12 38 94 33 63 85 46 30 26 35 88 1 0 1 53 86 49 25 82 94 90 7 35 5 22 94 78 23 14 46 37 33 83 6 52 78 6 63 16 82 29 63 37 47 28 44 55 41 44 94 42 72 87 28 36 76 56 50 13 61 92 13 3 84 25 24 6 3 9 78 86 24 94 20 34 40 93 62 26 29 53 58 22 
64 44 71 92 74 52 42 48 70 5 21 5 83 17 15 93 7 53 44 29 35 70 29 65 76 48 79 97 22 1 0 1 25 38 15 60 40 89 89 2 94 88 24 47 86 67 21 15 11 3 96 38 2 40 50 96 79 57 46 20 64 59 83 17 95 92 42 28 56 50 86 86 75 42 68 56 4 84 62 60 11 5 46 55 43 77 26 97 51 26 75 6 26 62 51 21 49 2 71 70 
36 45 99 28 26 15 34 68 44 51 89 11 58 51 58 90 48 63 25 13 66 83 35 90 80 83 16 47 60 53 1 0 1 68 72 89 76 77 60 37 8 2 2 80 17 27 2 28 51 41 60 73 37 85 77 42 93 81 17 49 96 85 29 58 49 25 68 88 23 85 5 84 47 45 15 75 91 23 28 74 91 22 91 19 87 51 54 69 15 10 93 96 86 91 47 98 76 2 33 99 
36 28 3 63 92 88 57 81 90 100 60 13 65 41 4 75 24 13 25 47 91 26 21 89 64 57 99 68 52 86 25 1 0 1 55 57 42 48 14 62 34 84 65 31 14 32 9 11 36 25 79 42 82 19 94 83 62 39 8 27 27 79 74 56 4 15 53 52 6 74 35 70 33 3 39 2 86 97 22 90 34 100 8 22 91 38 68 73 68 10 78 52 59 41 45 70 45 49 96 98 
69 98 89 29 30 69 65 5 12 48 86 21 19 99 8 62 26 10 51 86 55 83 86 35 71 41 49 36 6 49 38 68 1 0 1 19 25 35 87 9 32 46 85 66 13 3 76 27 44 52 78 25 6 62 35 85 100 78 32 98 24 8 83 61 91 65 88 80 30 54 22 91 80 96 61 39 46 37 47 71 55 25 10 18 35 15 80 28 39 42 96 33 27 43 95 53 72 11 30 100 
2 98 27 14 51 79 95 2 69 84 43 47 52 14 21 78 27 37 2 22 6 30 77 16 63 62 71 51 2 25 15 72 55 1 0 1 44 58 66 44 26 55 56 82 95 45 91 99 44 73 19 15 84 92 55 23 20 8 18 46 78 60 91 88 14 75 98 30 23 88 98 24 84 12 72 8 72 96 95 43 87 97 22 42 49 14 22 99 54 15 32 10 67 87 32 100 62 71 82 48 
10 41 71 85 2 43 100 5 40 32 75 32 21 17 92 15 27 66 99 55 83 55 40 5 88 82 95 6 35 82 60 89 57 19 1 0 1 60 78 97 65 34 76 35 57 56 64 10 10 96 7 47 51 46 41 10 61 98 11 22 49 8 45 92 4 51 12 57 2 61 29 15 98 99 18 11 94 50 28 30 61 44 84 97 22 45 16 81 61 23 91 84 75 25 25 79 72 46 8 2 
58 63 38 45 74 52 25 27 4 88 23 66 39 94 12 78 9 17 27 5 54 53 59 74 56 2 89 67 6 94 40 76 42 25 44 1 0 1 37 59 56 30 88 11 10 93 29 94 7 49 86 21 32 64 31 76 65 89 39 80 80 61 21 73 80 33 93 41 10 9 61 22 85 79 77 88 78 91 7 76 71 78 55 77 95 68 50 67 11 91 29 82 65 15 47 63 4 83 45 69 
78 28 43 45 15 60 57 49 90 66 10 73 52 44 26 25 17 4 5 37 81 47 10 97 100 70 70 83 19 90 89 77 48 35 58 60 1 0 1 9 91 53 35 98 37 75 5 25 26 13 71 27 46 77 85 76 58 55 94 61 89 77 9 59 13 34 94 62 95 37 28 98 72 34 80 94 96 28 91 2 82 5 95 20 54 32 87 65 100 71 69 59 100 97 58 59 80 72 28 71 
14 91 3 9 13 82 47 96 60 93 7 75 94 84 62 74 14 7 26 41 69 51 43 7 37 71 42 76 12 7 89 60 14 87 66 78 37 1 0 1 25 67 20 38 82 31 59 88 6 22 90 91 57 2 37 5 10 21 94 29 12 5 63 78 78 66 65 87 97 77 74 70 73 49 76 70 39 34 45 26 63 33 97 21 72 35 74 24 21 79 31 32 27 51 75 60 85 61 29 9 
25 57 60 35 69 84 4 82 19 7 98 17 33 78 67 12 76 3 25 14 3 53 56 17 81 35 69 58 18 35 2 37 62 9 44 97 59 9 1 0 1 16 16 78 34 7 53 2 39 25 69 100 3 65 57 66 15 60 80 85 94 56 16 36 69 86 74 66 75 62 12 10 30 58 4 75 94 28 47 45 94 47 75 78 62 86 2 39 52 49 37 67 5 2 97 16 70 8 20 54 
75 22 63 10 38 48 38 12 3 22 6 65 69 68 10 15 42 69 34 23 76 25 5 42 32 86 9 59 69 5 94 8 34 32 26 65 56 91 25 1 0 1 15 78 8 20 9 83 52 60 85 35 53 25 47 68 25 99 68 51 26 31 10 27 46 10 55 2 71 63 39 66 24 39 96 52 48 4 63 57 90 43 76 75 6 19 99 20 85 67 13 99 98 22 40 84 59 69 63 22 
2 11 89 73 56 34 18 7 13 11 25 25 49 87 60 14 85 78 2 75 60 48 32 53 69 63 11 32 38 22 88 2 84 46 55 34 30 53 67 16 1 0 1 76 39 57 88 91 67 54 54 46 24 15 91 39 92 46 43 15 65 42 34 7 33 47 46 57 78 43 97 44 14 50 44 79 24 81 46 83 48 70 29 74 29 98 49 39 72 49 29 3 36 33 29 90 20 29 15 27 
9 78 9 59 47 5 15 74 76 94 25 36 77 82 68 85 38 79 70 90 56 99 93 3 15 61 6 57 5 94 24 2 65 85 56 76 88 35 20 16 15 1 0 1 100 7 90 22 68 11 55 19 53 90 56 69 29 75 3 76 60 84 5 23 51 17 40 9 95 31 11 32 22 51 68 71 3 88 48 85 62 24 45 68 62 59 73 78 78 59 42 54 77 22 63 11 56 55 79 71 
83 13 32 44 63 47 59 48 37 84 99 9 63 60 50 57 20 78 31 23 81 36 30 78 39 78 67 89 11 78 47 80 31 66 82 35 11 98 38 78 78 76 1 0 1 93 57 49 10 44 24 13 42 16 36 69 50 55 45 66 33 54 27 22 41 63 16 25 40 14 53 58 23 2 4 21 2 26 26 71 34 36 24 38 41 48 87 12 84 49 43 27 51 58 60 64 35 30 71 76 
78 82 45 49 33 89 44 96 96 40 47 58 60 49 54 57 15 67 50 88 39 56 64 74 39 66 36 22 77 23 86 17 14 13 95 57 10 37 82 34 8 39 100 1 0 1 42 95 21 68 15 39 96 98 96 48 40 13 9 14 80 8 76 4 36 8 53 8 93 39 25 87 75 73 15 48 55 82 17 90 11 66 83 14 56 30 50 52 58 51 78 93 38 47 70 69 30 29 10 82 
37 51 70 30 62 56 2 33 86 47 79 26 92 55 20 21 94 51 3 77 59 41 73 76 78 45 40 4 2 14 67 27 32 3 45 56 93 75 31 7 20 57 7 93 1 0 1 12 21 55 10 7 71 98 16 5 79 4 32 72 59 44 24 48 34 57 19 76 20 60 99 17 37 5 36 2 88 23 92 20 63 22 42 58 11 13 63 87 42 66 35 75 21 36 100 84 57 41 13 80 
35 78 98 35 88 99 90 17 89 45 71 76 86 59 27 23 54 70 95 10 46 17 26 30 43 14 70 17 42 46 21 2 9 76 91 64 29 5 59 53 9 88 90 57 42 1 0 1 11 31 17 2 29 27 34 18 84 19 73 47 26 29 68 22 97 98 33 4 6 100 70 3 9 25 70 33 87 54 38 40 86 87 90 78 19 32 27 15 12 29 99 10 75 66 82 9 61 5 79 24 
13 32 37 30 67 10 80 96 81 84 18 98 17 55 55 30 83 42 3 50 80 84 76 74 91 70 85 40 62 37 15 28 11 27 99 10 94 25 88 2 83 91 22 49 95 12 1 0 1 11 67 37 11 78 22 43 22 10 68 90 76 85 12 58 23 4 77 91 70 19 34 72 10 39 55 34 96 97 31 37 75 81 97 81 33 56 20 98 43 41 34 79 22 89 38 52 15 52 90 53 
43 34 41 81 52 5 57 77 3 6 45 67 46 52 67 30 73 3 33 79 14 6 19 17 2 93 49 47 87 33 11 51 36 44 44 10 7 26 6 39 52 67 68 10 21 21 11 1 0 1 52 71 62 18 7 10 5 8 86 72 95 17 23 62 11 88 75 98 90 12 55 38 16 65 53 82 50 52 31 13 25 52 11 68 41 99 22 76 29 60 16 41 45 81 29 32 56 14 89 28 
100 2 88 87 40 56 67 3 89 25 61 99 9 22 6 2 83 53 87 33 59 69 98 79 81 42 8 51 25 83 3 41 25 52 73 96 49 13 22 25 60 54 11 44 68 55 31 11 1 0 1 88 83 96 77 55 91 38 40 81 36 24 52 64 85 29 7 89 96 87 44 96 39 33 70 74 69 77 91 20 16 79 100 57 11 78 78 72 90 38 65 100 39 20 34 33 90 41 54 78 
68 24 50 61 38 32 81 27 56 61 63 73 86 57 47 92 88 32 50 96 74 59 36 49 75 44 58 87 30 6 96 60 79 78 19 7 86 71 90 69 85 54 55 24 15 10 17 67 52 1 0 1 32 13 90 74 13 52 6 83 96 24 92 28 90 57 13 15 44 99 2 5 93 66 99 40 78 9 63 94 92 23 16 89 49 66 38 67 15 43 70 17 83 8 91 67 25 75 70 39 
92 69 73 66 45 96 4 43 6 37 67 39 89 58 35 99 43 55 26 38 46 92 95 7 32 18 57 9 60 52 38 73 42 25 15 47 21 27 91 100 35 46 19 13 39 7 2 37 71 88 1 0 1 16 66 49 14 75 17 72 54 55 70 39 93 24 31 47 45 74 19 80 64 86 56 63 49 38 11 21 77 79 28 23 80 88 42 26 6 28 49 49 60 97 21 24 89 93 75 69 
9 28 33 24 80 53 8 53 58 100 19 44 75 27 94 63 91 14 82 21 21 97 53 7 59 12 59 61 43 78 2 37 82 6 84 51 32 46 57 3 53 24 53 42 96 71 29 11 62 83 32 1 0 1 22 5 13 25 16 5 95 21 16 23 56 70 15 11 59 52 47 11 76 82 40 21 59 32 2 55 54 62 87 5 82 76 38 7 81 32 4 50 99 91 34 17 69 87 68 84 
4 69 14 82 58 98 29 2 84 33 43 28 55 21 88 8 31 65 30 100 52 22 33 73 83 45 17 88 40 6 40 85 19 62 92 46 64 77 2 65 25 15 90 16 98 98 27 78 18 96 13 16 1 0 1 44 70 38 90 55 89 12 66 11 20 88 87 40 54 13 42 31 77 8 40 74 27 93 46 26 19 25 66 23 11 61 99 56 66 86 91 35 28 95 41 92 95 50 71 49 
56 58 15 48 45 98 47 86 43 80 27 83 38 85 4 88 58 32 62 21 88 25 30 20 25 45 9 64 87 63 50 77 94 35 55 41 31 85 37 57 47 91 56 36 96 16 34 22 7 77 90 66 22 1 0 1 18 8 99 28 94 77 86 93 33 53 98 93 52 70 36 85 100 55 23 30 42 26 37 82 41 66 80 15 54 71 61 96 71 13 28 87 17 89 61 56 89 3 51 43 
28 70 45 14 51 76 87 76 71 37 7 39 11 9 74 69 47 18 22 44 12 37 98 56 82 96 5 97 17 16 96 42 83 85 23 10 76 76 5 66 68 39 69 69 48 5 18 43 10 55 74 49 5 44 1 0 1 88 37 15 33 31 56 34 18 34 38 63 16 91 8 65 17 96 17 38 10 69 43 71 40 72 95 72 13 30 84 44 76 54 56 12 19 60 42 52 28 31 11 36 
58 92 48 70 33 48 87 27 7 68 36 7 14 94 100 27 20 77 35 39 73 86 67 77 3 49 90 55 99 82 79 93 62 100 20 61 65 58 10 15 25 92 29 50 40 79 84 22 5 91 13 14 13 70 18 1 0 1 70 75 23 39 66 41 25 31 49 54 99 77 57 67 2 93 69 44 47 20 55 72 6 13 59 74 38 76 56 93 74 62 13 8 39 70 96 73 43 83 32 29 
13 59 77 19 97 19 79 74 58 53 35 83 92 71 61 88 37 50 73 46 47 39 29 68 47 68 3 45 35 29 57 81 39 78 8 98 89 55 21 60 99 46 75 55 13 4 19 10 8 38 52 75 25 38 8 88 1 0 1 89 98 46 35 68 32 58 29 43 51 56 35 59 66 33 11 2 51 82 86 66 47 63 50 72 8 45 63 68 47 66 74 44 33 70 42 57 53 6 84 83 
29 30 92 48 90 87 39 89 15 3 54 75 48 19 94 73 28 21 99 78 39 97 36 92 18 98 96 99 95 63 46 17 8 32 18 11 39 94 94 80 68 43 3 45 9 32 73 68 86 40 6 17 16 90 99 37 70 1 0 1 13 9 27 98 95 78 100 61 38 25 82 42 12 73 88 65 22 10 69 30 35 63 2 28 100 17 8 18 39 22 2 54 50 9 25 5 72 83 83 88 
21 63 9 73 67 37 37 33 71 51 14 82 31 30 69 45 8 7 80 55 65 27 99 61 94 48 5 2 71 37 20 49 27 98 46 22 80 61 29 85 51 15 76 66 14 72 47 90 72 81 83 72 5 55 28 15 75 89 1 0 1 21 23 68 12 61 35 18 24 90 35 2 39 11 3 21 5 94 40 90 37 68 2 11 2 42 82 64 44 84 49 9 42 85 100 34 17 80 59 34 
90 87 55 16 6 8 45 45 65 23 93 24 90 23 70 63 25 6 81 55 8 47 68 36 58 31 48 41 51 47 64 96 27 24 78 49 80 89 12 94 26 65 60 33 80 59 26 76 95 36 96 54 95 89 94 33 23 98 13 1 0 1 23 22 27 86 81 56 50 22 44 92 58 93 99 91 38 78 78 35 52 85 7 14 18 24 49 73 41 8 6 25 98 45 15 99 49 36 30 16 
39 57 78 58 46 84 97 20 36 11 61 96 47 6 69 27 92 88 50 48 85 46 86 94 37 76 71 53 61 28 59 85 79 8 60 8 61 77 5 56 31 42 84 54 8 44 29 85 17 24 24 55 21 12 77 31 39 46 9 21 1 0 1 38 87 95 89 21 88 98 47 65 61 19 44 38 58 34 76 14 64 9 76 63 9 26 94 31 6 36 86 100 23 23 38 75 75 71 100 14 
46 13 81 82 3 43 8 93 73 24 76 24 28 98 5 2 3 2 79 51 88 39 25 35 90 69 54 77 67 44 83 29 74 83 91 45 21 9 63 16 10 34 5 27 76 24 68 12 23 52 92 70 16 66 86 56 66 35 27 23 23 1 0 1 50 32 19 65 55 42 74 75 87 8 41 64 2 12 82 50 17 35 63 48 98 51 87 78 99 38 96 82 36 15 18 19 35 39 5 45 
10 61 80 54 14 86 55 92 18 73 17 2 15 16 53 19 47 57 54 87 2 95 45 36 90 25 96 21 91 55 17 58 56 61 88 92 73 59 78 36 27 7 23 22 4 48 22 58 62 64 28 39 23 11 93 34 41 68 98 68 22 38 1 0 1 100 33 90 57 67 9 25 77 90 91 45 45 19 23 48 40 57 91 31 33 44 95 48 64 43 3 47 53 45 74 88 39 92 18 33 
22 46 65 20 39 98 80 58 24 62 42 85 19 44 31 72 64 43 45 76 52 61 23 34 19 86 10 95 58 41 95 49 4 91 14 4 80 13 78 69 46 33 51 41 36 34 97 23 11 85 90 93 56 20 33 18 25 32 95 12 27 87 50 1 0 1 30 71 86 26 71 39 78 81 57 32 54 89 50 19 64 99 74 95 66 32 50 22 99 76 2 42 11 66 15 34 72 95 38 41 
79 43 47 29 33 33 70 37 19 51 40 78 3 76 52 88 67 21 97 70 67 13 32 20 98 37 71 66 51 44 92 25 15 65 75 51 33 34 66 86 10 47 17 63 8 57 98 4 88 29 57 24 70 88 53 34 31 58 78 61 86 95 32 100 1 0 1 11 85 30 4 12 7 6 48 81 13 76 16 40 66 90 60 44 27 62 58 97 83 8 93 100 19 4 58 49 65 86 11 3 
39 4 17 44 19 96 73 58 74 3 71 70 32 78 66 22 98 16 95 67 84 12 2 65 68 48 56 2 85 94 42 68 53 88 98 12 93 94 65 74 55 46 40 16 53 19 33 77 75 7 13 31 15 87 98 38 49 29 100 35 81 89 19 33 30 1 0 1 73 36 99 55 82 47 28 76 26 96 90 94 24 26 82 18 79 70 29 95 86 21 94 53 37 97 43 55 6 17 50 73 
47 54 52 76 85 72 43 16 75 78 24 32 56 69 70 31 98 18 24 34 7 27 27 16 12 97 11 66 96 42 28 88 52 80 30 57 41 62 87 66 2 57 9 25 8 76 4 91 98 89 15 47 11 40 93 63 54 43 61 18 56 21 65 90 71 11 1 0 1 12 50 45 87 48 49 30 18 41 81 21 74 2 23 20 96 74 85 12 89 95 90 96 7 82 90 57 61 34 84 72 
74 78 13 45 97 25 21 9 80 16 8 44 43 13 6 68 51 80 63 63 51 2 32 89 26 43 17 75 4 72 56 23 6 30 23 2 10 95 97 75 71 78 95 40 93 20 6 70 90 96 44 45 59 54 52 16 99 51 38 24 50 88 55 57 86 85 73 1 0 1 67 69 51 87 58 84 45 71 98 4 69 69 66 26 93 86 95 68 48 55 42 89 52 90 57 96 3 73 86 28 
41 10 75 82 95 98 56 34 20 12 69 92 24 62 40 86 22 32 77 75 23 88 50 26 17 73 90 44 72 87 50 85 74 54 88 61 9 37 77 62 63 43 31 14 39 60 100 19 12 87 99 74 52 13 70 91 77 56 25 90 22 98 42 67 26 30 36 12 1 0 1 67 19 41 15 45 100 23 50 52 34 26 17 85 18 48 88 22 72 16 75 25 42 64 60 55 16 86 80 6 
98 31 84 56 32 76 9 52 92 47 99 48 28 99 93 9 33 25 8 26 80 64 60 36 59 44 94 96 62 28 86 5 35 22 98 29 61 28 74 12 39 97 11 53 25 99 70 34 55 44 2 19 47 42 36 8 57 35 82 35 44 47 74 9 71 4 99 50 67 1 0 1 51 40 2 71 15 81 31 26 95 6 32 20 61 54 13 86 74 68 44 16 26 8 57 88 47 4 75 27 
51 28 51 59 55 3 16 66 86 98 24 58 33 27 81 73 36 37 55 63 46 78 74 6 20 34 45 41 4 36 86 84 70 91 24 15 22 98 70 10 66 44 32 58 87 17 3 72 38 96 5 80 11 31 85 65 67 59 42 2 92 65 75 25 39 12 55 45 69 67 1 0 1 17 2 80 6 10 84 24 79 20 94 85 90 100 61 53 34 46 15 64 95 95 82 97 38 21 74 96 
79 35 18 44 63 88 53 12 42 52 58 17 55 60 47 64 20 46 74 77 34 84 3 2 19 68 24 12 39 76 75 47 33 80 84 98 85 72 73 30 24 14 22 23 75 37 9 10 16 39 93 64 76 77 100 17 2 66 12 39 58 61 87 77 78 7 82 87 51 19 51 1 0 1 49 30 29 65 8 8 34 68 11 12 27 3 59 57 17 15 16 49 83 29 12 25 7 3 96 22 
64 79 74 88 38 50 76 56 59 41 80 71 69 85 38 52 32 35 86 47 62 36 45 4 68 67 99 52 18 56 42 45 3 96 12 99 79 34 49 58 39 50 51 2 73 5 25 39 65 33 66 86 82 8 55 96 93 33 73 11 93 19 8 90 81 6 47 48 87 41 40 17 1 0 1 54 85 98 34 54 46 77 98 74 83 82 66 63 56 61 46 97 42 72 27 10 64 36 48 7 
20 81 16 2 71 4 53 83 85 97 4 85 66 16 11 34 99 92 26 53 2 82 100 36 49 90 34 78 74 50 68 15 39 61 72 18 77 80 76 4 96 44 68 4 15 36 70 55 53 70 99 56 40 40 23 17 69 11 88 3 99 44 41 91 57 48 28 49 58 15 2 2 49 1 0 1 81 35 32 63 92 2 55 68 37 38 55 54 99 80 58 74 9 51 40 35 75 15 99 86 
46 33 45 46 24 84 49 4 50 72 30 58 98 16 47 37 68 33 51 70 70 30 38 35 97 12 2 85 32 13 56 75 2 39 8 11 88 94 70 75 52 79 71 21 48 2 33 34 82 74 40 63 21 74 30 38 44 2 65 21 91 38 64 45 32 81 76 30 84 45 71 80 30 54 1 0 1 35 21 45 60 49 67 45 53 39 52 94 2 40 3 68 65 67 55 7 87 51 15 47 
64 13 72 52 25 92 3 98 71 82 50 6 67 62 18 75 18 21 4 24 93 52 97 18 23 53 45 19 72 61 4 91 86 46 72 94 78 96 39 94 48 24 3 2 55 88 87 96 50 69 78 49 59 27 42 10 47 51 22 5 38 58 2 45 54 13 26 18 45 100 15 6 29 85 81 1 0 1 11 83 77 72 54 91 79 89 100 43 55 48 19 40 48 30 36 86 86 11 85 2 
57 100 62 15 12 19 30 80 55 35 64 68 75 31 27 61 85 97 98 44 44 86 48 62 30 2 82 57 2 92 84 23 97 37 96 50 91 28 34 28 4 81 88 26 82 23 54 97 52 77 9 38 32 93 26 69 20 82 10 94 78 34 12 19 89 76 96 41 71 23 81 10 65 98 35 35 1 0 1 42 93 68 73 28 30 12 27 82 50 100 63 41 63 82 11 68 90 33 56 80 
58 51 35 82 42 64 64 9 37 92 82 20 59 50 40 98 74 93 10 42 8 75 16 77 44 26 72 22 15 13 62 28 22 47 95 28 7 91 45 47 63 46 48 26 17 92 38 31 31 91 63 11 2 46 37 43 55 86 69 40 78 76 82 23 50 16 90 81 98 50 31 84 8 34 32 21 11 1 0 1 91 79 37 56 65 24 85 82 95 11 3 26 73 51 60 76 22 25 62 12 
35 31 37 57 7 33 76 2 71 70 20 40 55 70 4 82 2 26 14 60 14 47 21 79 29 21 97 5 32 3 60 74 90 71 43 30 76 2 26 45 57 83 85 71 90 20 40 37 13 20 94 21 55 26 82 71 72 66 30 90 35 14 50 48 19 40 94 21 4 52 26 24 8 54 63 45 83 42 1 0 1 85 99 91 71 41 68 96 19 2 11 86 83 34 15 96 61 59 43 38 
2 51 34 5 98 93 50 4 2 12 68 41 48 95 96 45 6 11 30 67 6 43 19 64 78 70 27 52 79 84 11 91 34 55 87 61 71 82 63 94 90 48 62 34 11 63 86 75 25 16 92 77 54 19 41 40 6 47 35 37 52 64 17 40 64 66 24 74 69 34 95 79 34 46 92 60 77 93 91 1 0 1 86 100 82 22 25 4 92 22 72 55 14 34 47 4 68 47 93 100 
68 96 63 80 62 76 91 78 58 63 84 26 90 10 73 7 78 22 69 85 18 70 38 89 73 17 33 50 4 25 5 22 100 25 97 44 78 5 33 47 43 70 24 36 66 22 87 81 52 79 23 79 62 25 66 72 13 63 63 68 85 9 35 57 99 90 26 2 69 26 6 20 68 77 2 49 72 68 79 85 1 0 1 77 69 4 20 4 77 47 2 84 64 35 83 72 100 53 57 31 
14 15 96 84 10 25 37 6 68 15 2 34 50 31 50 6 14 20 67 53 12 59 30 95 83 42 45 14 70 24 46 91 8 10 22 84 55 95 97 75 76 29 45 24 83 42 90 97 11 100 16 28 87 66 80 95 59 50 2 2 7 76 63 91 74 60 82 23 66 17 32 94 11 98 55 67 54 73 37 99 86 1 0 1 37 2 14 30 25 66 16 16 68 16 42 10 89 20 82 73 
98 44 52 79 83 15 85 68 41 89 68 63 57 68 36 81 20 17 82 97 71 7 40 67 2 26 29 79 77 6 55 19 22 18 42 97 77 20 21 78 75 74 68 38 14 58 78 81 68 57 89 23 5 23 15 72 74 72 28 11 14 63 48 31 95 44 18 20 26 85 20 85 12 74 68 45 91 28 56 91 100 77 1 0 1 24 21 45 31 11 18 95 5 54 29 28 13 65 74 16 
47 96 32 8 26 23 7 43 69 60 45 69 95 87 62 41 54 70 33 100 56 56 31 80 2 48 50 19 91 3 43 87 91 35 49 22 95 54 72 62 6 29 62 41 56 11 19 33 41 11 49 80 82 11 54 13 38 8 100 2 18 9 98 33 66 27 79 96 93 18 61 90 27 83 37 53 79 30 65 71 82 69 37 1 0 1 88 66 93 42 58 8 74 26 46 30 74 68 35 13 
14 77 16 16 99 91 63 69 79 40 63 9 31 36 71 44 94 97 2 70 18 72 36 98 47 62 44 83 80 9 77 51 38 15 14 45 68 32 35 86 19 98 59 48 30 13 32 56 99 78 66 88 76 61 71 30 76 45 17 42 24 26 51 44 32 62 70 74 86 48 54 100 3 82 38 39 89 12 24 41 22 4 2 24 1 0 1 64 92 31 22 79 82 17 92 6 56 46 27 60 
74 64 78 2 76 23 2 30 10 80 85 98 47 98 53 74 100 10 10 11 15 54 20 94 86 32 25 80 37 78 26 54 68 80 22 16 50 87 74 2 99 49 73 87 50 63 27 20 22 78 38 42 38 99 61 84 56 63 8 82 49 94 87 95 50 58 29 85 95 88 13 61 59 66 55 52 100 27 85 68 25 20 14 21 88 1 0 1 97 27 83 64 69 14 72 80 19 2 40 83 
7 32 25 42 13 99 73 70 23 6 98 56 25 8 31 36 28 86 70 31 55 90 12 44 89 93 73 71 64 86 97 69 73 28 99 81 67 65 24 39 20 39 78 12 52 87 15 98 76 72 67 26 7 56 96 44 93 68 18 64 73 31 78 48 22 97 95 12 68 22 86 53 57 63 54 94 43 82 82 96 4 4 30 45 66 64 1 0 1 8 94 30 19 93 93 90 8 68 12 15 
100 23 79 76 80 27 41 24 94 69 66 99 73 10 17 67 69 28 85 90 28 22 41 83 44 55 57 37 51 24 51 15 68 39 54 61 11 100 21 52 85 72 78 84 58 42 12 43 29 90 15 6 81 66 71 76 74 47 39 44 41 6 99 64 99 83 86 89 48 72 74 34 17 56 99 2 55 50 95 19 92 77 25 31 93 92 97 1 0 1 56 28 63 10 100 44 49 98 56 59 
79 39 67 29 32 60 36 32 19 82 5 24 29 52 29 40 78 17 55 57 29 93 60 41 100 97 85 100 5 94 26 10 10 42 15 23 91 71 79 49 67 49 59 49 51 66 29 41 60 38 43 28 32 86 13 54 62 66 22 84 8 36 38 43 76 8 21 95 55 16 68 46 15 61 80 40 48 100 11 2 22 47 66 11 42 31 27 8 1 0 1 88 22 15 29 69 22 60 13 12 
14 100 97 66 87 90 62 3 90 75 85 92 5 23 73 60 67 13 79 75 92 42 13 4 9 39 94 26 63 20 75 93 78 96 32 91 29 69 31 37 13 29 42 43 78 35 99 34 16 65 70 49 4 91 28 56 13 74 2 49 6 86 96 3 2 93 94 90 42 75 44 15 16 46 58 3 19 63 3 11 72 2 16 18 58 22 83 94 56 1 0 1 26 79 18 3 75 86 69 65 
42 72 56 41 63 26 38 89 42 61 42 69 74 51 46 73 77 43 20 48 65 40 54 3 15 5 78 2 66 34 6 96 52 33 10 84 82 59 32 67 99 3 54 27 93 75 10 79 41 100 17 49 50 35 87 12 8 44 54 9 25 100 82 47 42 100 53 96 89 25 16 64 49 97 74 68 40 41 26 86 55 84 16 95 8 79 64 30 28 88 1 0 1 59 73 87 4 10 13 18 
22 58 2 8 88 41 20 67 42 20 81 3 91 19 43 63 20 68 55 50 31 71 84 100 72 89 62 46 62 40 26 86 59 27 67 75 65 100 27 5 98 36 77 51 38 21 75 22 45 39 83 60 99 28 17 19 39 33 50 42 98 23 36 53 11 19 37 7 52 42 26 95 83 42 9 65 48 63 73 83 14 64 68 5 74 82 69 19 63 22 26 1 0 1 54 71 28 39 27 64 
72 73 32 86 72 91 16 91 26 37 10 13 80 3 59 37 60 75 30 20 58 15 66 80 33 32 31 3 54 93 62 91 41 43 87 25 15 97 51 2 22 33 22 58 47 36 66 89 81 20 8 97 91 95 89 60 70 70 9 85 45 23 15 45 66 4 97 82 90 64 8 95 29 72 51 67 30 82 51 34 34 35 16 54 26 17 14 93 10 15 79 59 1 0 1 30 10 89 49 14 
98 56 71 69 30 20 9 52 22 28 49 42 27 36 32 70 42 46 99 64 42 52 69 3 88 42 95 9 27 62 51 47 45 95 32 25 47 58 75 97 40 29 63 60 70 100 82 38 29 34 91 21 34 41 61 42 96 42 25 100 15 38 18 74 15 58 43 90 57 60 57 82 12 27 40 55 36 11 60 15 47 83 42 29 46 92 72 93 100 29 18 73 54 1 0 1 2 84 7 57 
84 23 21 20 17 28 6 52 37 41 31 85 51 73 77 3 85 45 87 71 17 52 66 58 14 9 76 40 15 26 21 98 70 53 100 79 63 59 60 16 84 90 11 64 69 84 9 52 32 33 67 24 17 92 56 52 73 57 5 34 99 75 19 88 34 49 55 57 96 55 88 97 25 10 35 7 86 68 76 96 4 72 10 28 30 6 80 90 44 69 3 87 71 30 1 0 1 7 7 95 
48 93 39 54 86 29 40 97 5 2 79 53 97 50 62 78 79 25 73 14 51 88 94 47 24 31 90 76 49 29 49 76 45 72 62 72 4 80 85 70 59 20 56 35 30 57 61 15 56 90 25 89 69 95 89 28 43 53 72 17 49 75 35 39 72 65 6 61 3 16 47 38 7 64 75 87 86 90 22 61 68 100 89 13 74 56 19 8 49 22 75 4 28 10 2 1 0 1 13 30 
18 16 9 37 52 62 8 65 31 25 42 4 20 44 12 52 23 10 51 84 15 22 49 7 96 34 64 68 100 53 2 2 49 11 71 46 83 72 61 8 69 29 55 30 29 41 5 52 14 41 75 93 87 50 3 31 83 6 83 80 36 71 39 92 95 86 17 34 73 86 4 21 3 36 15 51 11 33 25 59 47 53 20 65 68 46 2 68 98 60 86 10 39 89 84 7 1 0 1 12 
52 38 3 27 4 95 8 88 86 39 91 98 15 71 69 21 65 48 50 34 42 30 15 81 90 65 47 53 94 58 71 33 96 30 82 8 45 28 29 20 63 15 79 71 10 13 79 90 89 54 70 75 68 71 51 11 32 84 83 59 30 100 5 18 38 11 50 84 86 80 75 74 96 48 99 15 85 56 62 43 93 57 82 74 35 27 40 12 56 13 69 13 27 49 7 7 13 1 0 1 
1 70 8 70 7 61 98 90 2 88 12 7 69 89 40 33 4 62 57 28 39 5 35 2 9 49 69 39 51 22 70 99 98 100 48 2 69 71 9 54 22 27 71 76 82 80 24 53 28 78 39 69 84 49 43 36 29 83 88 34 16 14 45 33 41 3 73 72 28 6 27 96 22 7 86 47 2 80 12 38 100 31 73 16 13 60 83 15 59 12 65 18 64 14 57 95 30 12 1 0 
