50
281 96 id_0 0 true
12 45 id_1 1 true
42 330 id_2 2 true
145 372 id_3 3 true
381 52 id_4 4 true
262 203 id_5 5 true
185 267 id_6 6 true
164 198 id_7 7 true
232 375 id_8 8 true
166 1 id_9 9 true
257 281 id_10 10 true
322 24 id_11 11 true
379 267 id_12 12 true
376 355 id_13 13 true
258 57 id_14 14 true
15 111 id_15 15 true
79 262 id_16 16 true
389 346 id_17 17 true
361 170 id_18 18 true
373 279 id_19 19 true
195 26 id_20 20 true
193 26 id_21 21 true
187 344 id_22 22 true
214 91 id_23 23 true
44 209 id_24 24 true
61 130 id_25 25 true
25 146 id_26 26 true
219 167 id_27 27 true
179 158 id_28 28 true
277 167 id_29 29 true
388 7 id_30 30 true
379 131 id_31 31 true
356 237 id_32 32 true
281 29 id_33 33 true
30 147 id_34 34 true
240 396 id_35 35 true
54 372 id_36 36 true
28 367 id_37 37 true
243 266 id_38 38 true
397 276 id_39 39 true
218 142 id_40 40 true
45 301 id_41 41 true
130 198 id_42 42 true
160 246 id_43 43 true
181 253 id_44 44 true
375 296 id_45 45 true
91 186 id_46 46 true
47 232 id_47 47 true
229 118 id_48 48 true
301 171 id_49 49 true
50
0 1 4 92 88 10 58 16 15 84 48 69 25 2 19 63 80 99 17 45 11 44 93 52 2 51 87 53 51 30 64 43 89 97 7 82 82 77 60 86 94 5 3 29 80 64 40 52 8 1 
1 0 1 61 96 72 43 95 93 23 58 96 57 87 34 14 21 52 79 98 50 44 3 35 36 66 79 2 3 98 56 45 48 49 92 4 78 63 87 60 90 22 19 49 44 86 77 5 35 51 
4 1 0 1 91 4 13 46 16 19 46 2 22 48 27 24 66 63 31 73 26 77 62 41 87 67 69 88 77 29 40 58 76 50 25 77 76 58 8 8 29 59 53 92 38 42 7 61 10 91 
92 61 1 0 1 85 99 55 7 14 49 56 96 2 6 65 10 6 18 79 99 51 34 59 99 34 23 67 69 51 82 69 55 62 100 73 30 39 44 18 83 100 24 3 30 87 88 8 55 92 
88 96 91 1 0 1 19 89 8 71 69 48 43 72 91 93 11 23 84 44 94 4 59 91 58 48 24 23 81 83 54 28 57 62 87 56 40 50 83 15 53 24 88 90 85 66 29 84 12 61 
10 72 4 85 1 0 1 30 14 33 77 54 81 96 70 18 60 45 10 90 18 89 15 44 87 92 29 31 71 69 47 58 21 41 90 64 3 43 97 99 29 6 9 19 14 64 90 99 92 26 
58 43 13 99 19 1 0 1 27 38 76 5 62 65 36 78 88 12 90 63 14 89 68 27 60 61 21 36 98 49 56 39 17 91 22 75 30 35 31 8 59 96 22 18 70 99 62 30 80 39 
16 95 46 55 89 30 1 0 1 24 24 63 99 27 9 88 37 35 52 36 53 73 38 59 2 60 23 83 12 32 41 28 75 19 12 46 13 29 44 8 97 28 100 29 82 32 56 69 59 72 
15 93 16 7 8 14 27 1 0 1 74 86 69 14 27 79 73 99 16 61 61 62 30 71 15 16 2 24 89 35 61 11 90 20 86 37 95 72 66 41 10 43 80 92 13 51 57 46 35 15 
84 23 19 14 71 33 38 24 1 0 1 83 76 82 31 3 86 33 90 3 47 29 42 61 46 27 52 75 11 93 39 44 22 19 14 83 33 18 97 82 86 50 96 67 65 48 73 54 92 16 
48 58 46 49 69 77 76 24 74 1 0 1 15 73 69 15 67 57 39 48 45 26 5 46 82 31 48 84 30 70 37 91 2 66 54 64 27 3 26 28 87 62 65 7 54 90 61 94 59 21 
69 96 2 56 48 54 5 63 86 83 1 0 1 9 99 83 85 84 75 86 72 77 34 60 21 46 54 12 77 88 95 27 38 59 79 4 39 48 56 58 12 98 22 61 67 89 98 43 21 27 
25 57 22 96 43 81 62 99 69 76 15 1 0 1 53 21 2 86 30 18 100 88 76 35 31 62 19 79 73 57 36 91 33 2 65 8 45 3 60 5 60 99 88 12 43 46 16 53 52 26 
2 87 48 2 72 96 65 27 14 82 73 9 1 0 1 70 23 32 36 4 47 17 51 64 56 9 94 71 99 95 37 100 29 43 75 14 7 67 7 51 56 63 61 24 37 2 69 42 45 79 
19 34 27 6 91 70 36 9 27 31 69 99 53 1 0 1 16 2 3 46 68 16 63 33 88 40 35 82 4 45 47 27 2 65 3 51 85 42 22 45 93 99 68 7 41 34 27 72 73 39 
63 14 24 65 93 18 78 88 79 3 15 83 21 70 1 0 1 52 6 4 57 28 53 6 95 7 43 58 69 18 51 72 78 14 5 47 43 23 79 21 80 84 85 60 33 74 3 5 47 18 
80 21 66 10 11 60 88 37 73 86 67 85 2 23 16 1 0 1 62 27 2 51 79 59 89 51 53 24 56 57 25 89 97 99 78 25 82 99 57 23 38 51 45 73 18 65 95 36 23 43 
99 52 63 6 23 45 12 35 99 33 57 84 86 32 2 52 1 0 1 87 50 56 31 35 85 27 62 60 40 11 5 77 24 72 16 42 33 28 2 40 85 88 62 85 30 74 31 20 80 88 
17 79 31 18 84 10 90 52 16 90 39 75 30 36 3 6 62 1 0 1 81 54 85 23 5 43 67 98 12 49 89 31 95 42 61 98 21 71 68 88 63 29 60 100 39 70 54 78 63 3 
45 98 73 79 44 90 63 36 61 3 48 86 18 4 46 4 27 87 1 0 1 55 70 82 91 11 89 20 91 69 31 57 78 26 61 70 59 6 16 3 34 55 21 82 22 21 21 51 60 86 
11 50 26 99 94 18 14 53 61 47 45 72 100 47 68 57 2 50 81 1 0 1 11 60 41 24 23 50 2 24 96 76 16 52 33 49 13 44 86 28 12 73 14 94 72 43 25 74 10 2 
44 44 77 51 4 89 89 73 62 29 26 77 88 17 16 28 51 56 54 55 1 0 1 38 98 18 29 53 58 59 93 32 15 5 86 80 91 100 66 48 44 31 91 65 65 31 42 77 19 89 
93 3 62 34 59 15 68 38 30 42 5 34 76 51 63 53 79 31 85 70 11 1 0 1 14 80 44 75 76 16 99 60 79 81 70 13 73 31 89 97 10 85 75 18 70 69 88 73 100 60 
52 35 41 59 91 44 27 59 71 61 46 60 35 64 33 6 59 35 23 82 60 38 1 0 1 4 57 13 2 90 80 60 87 87 87 81 32 23 86 72 88 53 84 87 73 10 64 97 30 2 
2 36 87 99 58 87 60 2 15 46 82 21 31 56 88 95 89 85 5 91 41 98 14 1 0 1 21 32 82 36 38 68 59 78 45 91 59 65 74 67 55 2 33 56 8 72 76 15 67 46 
51 66 67 34 48 92 61 60 16 27 31 46 62 9 40 7 51 27 43 11 24 18 80 4 1 0 1 12 52 49 32 57 23 79 35 55 71 83 85 2 74 18 28 62 9 22 11 94 72 35 
87 79 69 23 24 29 21 23 2 52 48 54 19 94 35 43 53 62 67 89 23 29 44 57 21 1 0 1 87 65 92 73 88 70 16 66 58 93 48 66 38 34 41 24 5 43 10 100 4 45 
53 2 88 67 23 31 36 83 24 75 84 12 79 71 82 58 24 60 98 20 50 53 75 13 32 12 1 0 1 34 39 92 84 14 63 59 6 69 83 77 23 12 25 63 30 88 12 93 91 94 
51 3 77 69 81 71 98 12 89 11 30 77 73 99 4 69 56 40 12 91 2 58 76 2 82 52 87 1 0 1 94 27 50 35 12 13 6 9 34 68 83 39 26 50 29 72 2 35 15 41 
30 98 29 51 83 69 49 32 35 93 70 88 57 95 45 18 57 11 49 69 24 59 16 90 36 49 65 34 1 0 1 95 21 95 18 46 52 67 52 2 72 97 73 8 94 38 29 91 100 6 
64 56 40 82 54 47 56 41 61 39 37 95 36 37 47 51 25 5 89 31 96 93 99 80 38 32 92 39 94 1 0 1 23 17 56 19 78 77 63 80 94 73 27 78 61 79 66 12 62 97 
43 45 58 69 28 58 39 28 11 44 91 27 91 100 27 72 89 77 31 57 76 32 60 60 68 57 73 92 27 95 1 0 1 73 65 62 52 2 18 6 67 92 69 95 92 37 24 40 30 50 
89 48 76 55 57 21 17 75 90 22 2 38 33 29 2 78 97 24 95 78 16 15 79 87 59 23 88 84 50 21 23 1 0 1 80 12 59 14 98 68 9 23 83 71 43 43 24 44 18 92 
97 49 50 62 62 41 91 19 20 19 66 59 2 43 65 14 99 72 42 26 52 5 81 87 78 79 70 14 35 95 17 73 1 0 1 71 90 25 68 89 27 37 99 16 99 89 85 25 42 90 
7 92 25 100 87 90 22 12 86 14 54 79 65 75 3 5 78 16 61 61 33 86 70 87 45 35 16 63 12 18 56 65 80 1 0 1 29 7 37 40 56 8 29 98 7 95 67 79 84 49 
82 4 77 73 56 64 75 46 37 83 64 4 8 14 51 47 25 42 98 70 49 80 13 81 91 55 66 59 13 46 19 62 12 71 1 0 1 60 97 54 35 83 32 21 57 32 78 27 62 55 
82 78 76 30 40 3 30 13 95 33 27 39 45 7 85 43 82 33 21 59 13 91 73 32 59 71 58 6 6 52 78 52 59 90 29 1 0 1 45 93 55 63 90 50 13 80 23 52 46 33 
77 63 58 39 50 43 35 29 72 18 3 48 3 67 42 23 99 28 71 6 44 100 31 23 65 83 93 69 9 67 77 2 14 25 7 60 1 0 1 69 39 69 14 57 47 97 39 90 2 13 
60 87 8 44 83 97 31 44 66 97 26 56 60 7 22 79 57 2 68 16 86 66 89 86 74 85 48 83 34 52 63 18 98 68 37 97 45 1 0 1 41 23 40 48 80 11 90 91 24 98 
86 60 8 18 15 99 8 8 41 82 28 58 5 51 45 21 23 40 88 3 28 48 97 72 67 2 66 77 68 2 80 6 68 89 40 54 93 69 1 0 1 32 64 85 18 12 68 2 41 99 
94 90 29 83 53 29 59 97 10 86 87 12 60 56 93 80 38 85 63 34 12 44 10 88 55 74 38 23 83 72 94 67 9 27 56 35 55 39 41 1 0 1 99 32 63 3 51 18 18 52 
5 22 59 100 24 6 96 28 43 50 62 98 99 63 99 84 51 88 29 55 73 31 85 53 2 18 34 12 39 97 73 92 23 37 8 83 63 69 23 32 1 0 1 16 87 64 76 39 8 27 
3 19 53 24 88 9 22 100 80 96 65 22 88 61 68 85 45 62 60 21 14 91 75 84 33 28 41 25 26 73 27 69 83 99 29 32 90 14 40 64 99 1 0 1 38 33 30 54 85 12 
29 49 92 3 90 19 18 29 92 67 7 61 12 24 7 60 73 85 100 82 94 65 18 87 56 62 24 63 50 8 78 95 71 16 98 21 50 57 48 85 32 16 1 0 1 89 26 90 26 21 
80 44 38 30 85 14 70 82 13 65 54 67 43 37 41 33 18 30 39 22 72 65 70 73 8 9 5 30 29 94 61 92 43 99 7 57 13 47 80 18 63 87 38 1 0 1 2 51 7 56 
64 86 42 87 66 64 99 32 51 48 90 89 46 2 34 74 65 74 70 21 43 31 69 10 72 22 43 88 72 38 79 37 43 89 95 32 80 97 11 12 3 64 33 89 1 0 1 71 35 39 
40 77 7 88 29 90 62 56 57 73 61 98 16 69 27 3 95 31 54 21 25 42 88 64 76 11 10 12 2 29 66 24 24 85 67 78 23 39 90 68 51 76 30 26 2 1 0 1 98 50 
52 5 61 8 84 99 30 69 46 54 94 43 53 42 72 5 36 20 78 51 74 77 73 97 15 94 100 93 35 91 12 40 44 25 79 27 52 90 91 2 18 39 54 90 51 71 1 0 1 53 
8 35 10 55 12 92 80 59 35 92 59 21 52 45 73 47 23 80 63 60 10 19 100 30 67 72 4 91 15 100 62 30 18 42 84 62 46 2 24 41 18 8 85 26 7 35 98 1 0 1 
1 51 91 92 61 26 39 72 15 16 21 27 26 79 39 18 43 88 3 86 2 89 60 2 46 35 45 94 41 6 97 50 92 90 49 55 33 13 98 99 52 27 12 21 56 39 50 53 1 0 
